Year	Month	Day	Hour	VP (Pa)
2008	10	1	0	516.5597966
2008	10	1	3	498.4617284
2008	10	1	6	472.5634297
2008	10	1	9	449.0199318
2008	10	1	12	452.7635186
2008	10	1	15	492.6684503
2008	10	1	18	483.3107289
2008	10	1	21	458.2073398
2008	10	2	0	443.1699704
2008	10	2	3	429.5074386
2008	10	2	6	533.3568896
2008	10	2	9	609.2075468
2008	10	2	12	665.5415831
2008	10	2	15	732.8425584
2008	10	2	18	711.980913
2008	10	2	21	652.3063795
2008	10	3	0	651.7409016
2008	10	3	3	689.7029375
2008	10	3	6	671.9277342
2008	10	3	9	631.6649393
2008	10	3	12	650.4447192
2008	10	3	15	785.8615035
2008	10	3	18	904.6894396
2008	10	3	21	957.2695817
2008	10	4	0	922.3553758
2008	10	4	3	846.1294624
2008	10	4	6	821.0685456
2008	10	4	9	833.8779463
2008	10	4	12	846.1347004
2008	10	4	15	804.9577267
2008	10	4	18	735.4486404
2008	10	4	21	644.1664932
2008	10	5	0	596.322969
2008	10	5	3	542.6890021
2008	10	5	6	550.501196
2008	10	5	9	566.6118421
2008	10	5	12	618.1077567
2008	10	5	15	675.6736354
2008	10	5	18	658.6279785
2008	10	5	21	629.9309817
2008	10	6	0	560.2690873
2008	10	6	3	481.5468341
2008	10	6	6	463.8378419
2008	10	6	9	453.2402587
2008	10	6	12	500.2571074
2008	10	6	15	618.8507044
2008	10	6	18	645.8209016
2008	10	6	21	636.932609
2008	10	7	0	599.6716241
2008	10	7	3	530.3991
2008	10	7	6	521.4130717
2008	10	7	9	534.3538604
2008	10	7	12	565.0289057
2008	10	7	15	600.9378087
2008	10	7	18	554.7160068
2008	10	7	21	515.5937303
2008	10	8	0	535.803555
2008	10	8	3	608.929433
2008	10	8	6	576.3030826
2008	10	8	9	551.98377
2008	10	8	12	586.4113843
2008	10	8	15	687.2607163
2008	10	8	18	674.6911581
2008	10	8	21	570.8163118
2008	10	9	0	432.7655079
2008	10	9	3	330.7722138
2008	10	9	6	312.8639096
2008	10	9	9	322.2600496
2008	10	9	12	327.034425
2008	10	9	15	280.8561759
2008	10	9	18	283.1859306
2008	10	9	21	295.2965726
2008	10	10	0	276.8882276
2008	10	10	3	240.517882
2008	10	10	6	271.7541076
2008	10	10	9	302.3804606
2008	10	10	12	351.6559603
2008	10	10	15	424.4570387
2008	10	10	18	456.5767011
2008	10	10	21	450.1981961
2008	10	11	0	431.5419223
2008	10	11	3	420.7525359
2008	10	11	6	418.9918919
2008	10	11	9	422.1537196
2008	10	11	12	409.0316969
2008	10	11	15	394.4817374
2008	10	11	18	371.2525086
2008	10	11	21	382.7834132
2008	10	12	0	415.1219143
2008	10	12	3	441.4480177
2008	10	12	6	423.2181071
2008	10	12	9	403.830508
2008	10	12	12	417.7052299
2008	10	12	15	452.4933076
2008	10	12	18	461.6450685
2008	10	12	21	484.4917522
2008	10	13	0	432.8929201
2008	10	13	3	283.3394089
2008	10	13	6	280.37733
2008	10	13	9	256.4367898
2008	10	13	12	302.2967813
2008	10	13	15	424.6192833
2008	10	13	18	481.0563929
2008	10	13	21	507.0330546
2008	10	14	0	465.8617038
2008	10	14	3	349.5502538
2008	10	14	6	332.8712309
2008	10	14	9	322.1309649
2008	10	14	12	382.5006127
2008	10	14	15	503.6104233
2008	10	14	18	529.656242
2008	10	14	21	561.0465693
2008	10	15	0	536.6731871
2008	10	15	3	466.8822742
2008	10	15	6	452.9930078
2008	10	15	9	441.686923
2008	10	15	12	440.4578182
2008	10	15	15	471.011379
2008	10	15	18	506.9795416
2008	10	15	21	539.0316933
2008	10	16	0	476.1546738
2008	10	16	3	338.6478394
2008	10	16	6	333.6647246
2008	10	16	9	324.6134116
2008	10	16	12	367.6432655
2008	10	16	15	454.939359
2008	10	16	18	481.628681
2008	10	16	21	517.7091595
2008	10	17	0	508.7959562
2008	10	17	3	454.6269065
2008	10	17	6	449.7627121
2008	10	17	9	451.6133646
2008	10	17	12	454.6090933
2008	10	17	15	461.8751468
2008	10	17	18	479.7125134
2008	10	17	21	516.4304196
2008	10	18	0	539.8892523
2008	10	18	3	497.8035128
2008	10	18	6	501.05577
2008	10	18	9	500.4114699
2008	10	18	12	499.373683
2008	10	18	15	500.8350783
2008	10	18	18	514.7923919
2008	10	18	21	551.4697805
2008	10	19	0	568.4982299
2008	10	19	3	547.1261834
2008	10	19	6	529.9901352
2008	10	19	9	529.9268408
2008	10	19	12	533.5517596
2008	10	19	15	536.9751916
2008	10	19	18	568.687324
2008	10	19	21	614.0228169
2008	10	20	0	591.644287
2008	10	20	3	524.3513346
2008	10	20	6	513.0659328
2008	10	20	9	507.5532364
2008	10	20	12	510.0335088
2008	10	20	15	511.9146062
2008	10	20	18	466.1751625
2008	10	20	21	395.4179602
2008	10	21	0	352.1028335
2008	10	21	3	288.404373
2008	10	21	6	269.3098033
2008	10	21	9	250.9857062
2008	10	21	12	283.6984194
2008	10	21	15	373.1127422
2008	10	21	18	380.4547362
2008	10	21	21	383.397291
2008	10	22	0	371.2822324
2008	10	22	3	247.3399444
2008	10	22	6	249.2146386
2008	10	22	9	255.6773168
2008	10	22	12	295.020133
2008	10	22	15	382.052354
2008	10	22	18	393.0897708
2008	10	22	21	421.8866441
2008	10	23	0	402.6706296
2008	10	23	3	295.0714951
2008	10	23	6	277.5115824
2008	10	23	9	260.1663678
2008	10	23	12	303.4840241
2008	10	23	15	404.2907301
2008	10	23	18	422.7304509
2008	10	23	21	467.6622112
2008	10	24	0	454.284055
2008	10	24	3	384.049684
2008	10	24	6	368.3134676
2008	10	24	9	362.6664226
2008	10	24	12	384.6535388
2008	10	24	15	444.404812
2008	10	24	18	453.5461488
2008	10	24	21	485.2724093
2008	10	25	0	498.875734
2008	10	25	3	475.0532548
2008	10	25	6	444.7272374
2008	10	25	9	382.147479
2008	10	25	12	393.0199886
2008	10	25	15	439.4972688
2008	10	25	18	455.3170764
2008	10	25	21	504.1334556
2008	10	26	0	525.5784276
2008	10	26	3	509.8320747
2008	10	26	6	463.3611138
2008	10	26	9	401.1586951
2008	10	26	12	411.2792279
2008	10	26	15	462.4220766
2008	10	26	18	481.5157349
2008	10	26	21	512.5460242
2008	10	27	0	527.7471626
2008	10	27	3	503.605189
2008	10	27	6	496.7603857
2008	10	27	9	492.3409748
2008	10	27	12	495.2572411
2008	10	27	15	507.2489096
2008	10	27	18	520.9068013
2008	10	27	21	568.6537658
2008	10	28	0	585.3970896
2008	10	28	3	516.4978059
2008	10	28	6	509.7792752
2008	10	28	9	509.7249345
2008	10	28	12	515.941315
2008	10	28	15	525.5156924
2008	10	28	18	553.891021
2008	10	28	21	627.4552932
2008	10	29	0	632.7338911
2008	10	29	3	507.3208465
2008	10	29	6	480.2516434
2008	10	29	9	472.4764092
2008	10	29	12	469.1574966
2008	10	29	15	460.038959
2008	10	29	18	486.8739715
2008	10	29	21	566.634804
2008	10	30	0	595.2234126
2008	10	30	3	516.1424046
2008	10	30	6	507.5003998
2008	10	30	9	503.750296
2008	10	30	12	502.3911143
2008	10	30	15	508.7894111
2008	10	30	18	591.240569
2008	10	30	21	729.6485661
2008	10	31	0	687.2707464
2008	10	31	3	572.2236803
2008	10	31	6	588.922326
2008	10	31	9	585.1906216
2008	10	31	12	588.8243612
2008	10	31	15	615.5520839
2008	10	31	18	686.8301582
2008	10	31	21	800.834965
2008	11	1	0	737.6568734
2008	11	1	3	597.6932129
2008	11	1	6	641.6264857
2008	11	1	9	703.1936854
2008	11	1	12	714.1944906
2008	11	1	15	686.9447838
2008	11	1	18	719.5610754
2008	11	1	21	724.128082
2008	11	2	0	671.1410793
2008	11	2	3	617.3074762
2008	11	2	6	589.4967883
2008	11	2	9	547.7040126
2008	11	2	12	539.5499807
2008	11	2	15	565.9668482
2008	11	2	18	570.6084269
2008	11	2	21	633.4495357
2008	11	3	0	670.0711554
2008	11	3	3	560.1300039
2008	11	3	6	563.3943506
2008	11	3	9	568.2384842
2008	11	3	12	574.3518901
2008	11	3	15	581.9307513
2008	11	3	18	527.8280353
2008	11	3	21	419.2021125
2008	11	4	0	405.6087136
2008	11	4	3	467.2533161
2008	11	4	6	452.0012037
2008	11	4	9	460.705137
2008	11	4	12	449.2726442
2008	11	4	15	398.5135252
2008	11	4	18	378.2858801
2008	11	4	21	385.4124028
2008	11	5	0	396.6556482
2008	11	5	3	376.6778054
2008	11	5	6	361.8074465
2008	11	5	9	313.0057517
2008	11	5	12	283.9791623
2008	11	5	15	313.2875162
2008	11	5	18	362.825793
2008	11	5	21	370.4882912
2008	11	6	0	347.7463776
2008	11	6	3	300.3738817
2008	11	6	6	304.7241251
2008	11	6	9	331.3259472
2008	11	6	12	383.9771253
2008	11	6	15	416.8662868
2008	11	6	18	446.8006939
2008	11	6	21	466.9740055
2008	11	7	0	467.7594774
2008	11	7	3	445.460764
2008	11	7	6	438.9204265
2008	11	7	9	444.6827719
2008	11	7	12	474.3698744
2008	11	7	15	544.4089622
2008	11	7	18	556.453587
2008	11	7	21	573.3952252
2008	11	8	0	548.782112
2008	11	8	3	488.3396509
2008	11	8	6	477.7913612
2008	11	8	9	474.7194707
2008	11	8	12	501.3842076
2008	11	8	15	528.0649083
2008	11	8	18	579.131577
2008	11	8	21	676.4365845
2008	11	9	0	635.4270138
2008	11	9	3	571.9732032
2008	11	9	6	585.8568679
2008	11	9	9	597.3657393
2008	11	9	12	588.52865
2008	11	9	15	597.180893
2008	11	9	18	621.6761138
2008	11	9	21	644.1951553
2008	11	10	0	636.1417569
2008	11	10	3	553.9077195
2008	11	10	6	538.9631673
2008	11	10	9	526.8405732
2008	11	10	12	526.1699658
2008	11	10	15	542.6721241
2008	11	10	18	546.6446551
2008	11	10	21	574.540189
2008	11	11	0	551.930197
2008	11	11	3	499.7927241
2008	11	11	6	506.7933381
2008	11	11	9	514.1299917
2008	11	11	12	530.8279258
2008	11	11	15	555.3652386
2008	11	11	18	582.0615565
2008	11	11	21	612.7156662
2008	11	12	0	603.6855896
2008	11	12	3	582.2139797
2008	11	12	6	581.2427965
2008	11	12	9	578.5729752
2008	11	12	12	568.2522257
2008	11	12	15	553.5904283
2008	11	12	18	575.2789081
2008	11	12	21	618.4781834
2008	11	13	0	609.8722216
2008	11	13	3	567.7937109
2008	11	13	6	526.4342778
2008	11	13	9	467.2226374
2008	11	13	12	414.2399154
2008	11	13	15	387.8932825
2008	11	13	18	347.0508058
2008	11	13	21	339.5290779
2008	11	14	0	336.8191069
2008	11	14	3	331.3968441
2008	11	14	6	317.0348653
2008	11	14	9	310.0635451
2008	11	14	12	323.3894684
2008	11	14	15	369.4240475
2008	11	14	18	385.6564844
2008	11	14	21	375.2247106
2008	11	15	0	365.9734298
2008	11	15	3	347.1754489
2008	11	15	6	348.650771
2008	11	15	9	345.8438441
2008	11	15	12	367.3485966
2008	11	15	15	425.1703855
2008	11	15	18	460.739332
2008	11	15	21	478.4549776
2008	11	16	0	438.1397422
2008	11	16	3	400.0632309
2008	11	16	6	397.5225817
2008	11	16	9	396.3491977
2008	11	16	12	412.1233343
2008	11	16	15	464.0158072
2008	11	16	18	497.6768141
2008	11	16	21	529.4632319
2008	11	17	0	493.7837958
2008	11	17	3	400.4234941
2008	11	17	6	367.517766
2008	11	17	9	364.1774018
2008	11	17	12	375.5884265
2008	11	17	15	417.4127843
2008	11	17	18	453.8604788
2008	11	17	21	497.897596
2008	11	18	0	502.6577322
2008	11	18	3	504.3925857
2008	11	18	6	475.9180489
2008	11	18	9	431.2765616
2008	11	18	12	445.1650585
2008	11	18	15	495.6791079
2008	11	18	18	530.6487245
2008	11	18	21	572.697552
2008	11	19	0	551.2228392
2008	11	19	3	458.1120594
2008	11	19	6	436.2571111
2008	11	19	9	410.1585322
2008	11	19	12	438.5876267
2008	11	19	15	489.7851524
2008	11	19	18	493.2342944
2008	11	19	21	522.0190447
2008	11	20	0	483.8601232
2008	11	20	3	382.4742018
2008	11	20	6	416.6134212
2008	11	20	9	448.5692313
2008	11	20	12	445.1774192
2008	11	20	15	425.2617101
2008	11	20	18	409.3085172
2008	11	20	21	389.6145553
2008	11	21	0	334.5501032
2008	11	21	3	260.1328294
2008	11	21	6	287.6741162
2008	11	21	9	287.0891155
2008	11	21	12	310.9586258
2008	11	21	15	377.2769277
2008	11	21	18	419.6298495
2008	11	21	21	422.4530346
2008	11	22	0	371.5454841
2008	11	22	3	360.4938501
2008	11	22	6	363.8506589
2008	11	22	9	368.4374968
2008	11	22	12	382.073745
2008	11	22	15	425.0111001
2008	11	22	18	459.5714106
2008	11	22	21	430.8305668
2008	11	23	0	368.6484746
2008	11	23	3	306.6044403
2008	11	23	6	309.6652507
2008	11	23	9	311.5338549
2008	11	23	12	325.8244802
2008	11	23	15	369.2461735
2008	11	23	18	419.925527
2008	11	23	21	414.2455441
2008	11	24	0	351.5029914
2008	11	24	3	330.3622352
2008	11	24	6	323.5915908
2008	11	24	9	332.471657
2008	11	24	12	351.3224459
2008	11	24	15	396.0559299
2008	11	24	18	423.5033863
2008	11	24	21	422.8588823
2008	11	25	0	357.7123122
2008	11	25	3	324.0044835
2008	11	25	6	323.1845744
2008	11	25	9	335.055765
2008	11	25	12	362.5151032
2008	11	25	15	420.6449627
2008	11	25	18	437.5014843
2008	11	25	21	472.9780615
2008	11	26	0	484.8882538
2008	11	26	3	477.2183055
2008	11	26	6	482.1759315
2008	11	26	9	496.1473029
2008	11	26	12	518.0676813
2008	11	26	15	540.2029213
2008	11	26	18	545.8164902
2008	11	26	21	560.2366411
2008	11	27	0	556.8529894
2008	11	27	3	528.2974684
2008	11	27	6	524.6771676
2008	11	27	9	520.5687873
2008	11	27	12	525.8656125
2008	11	27	15	542.2837256
2008	11	27	18	524.3664094
2008	11	27	21	509.0376274
2008	11	28	0	493.0492087
2008	11	28	3	451.8881943
2008	11	28	6	438.6571923
2008	11	28	9	444.8128802
2008	11	28	12	472.403226
2008	11	28	15	480.8037715
2008	11	28	18	490.8211658
2008	11	28	21	509.5099758
2008	11	29	0	530.2592249
2008	11	29	3	534.3306497
2008	11	29	6	543.6614355
2008	11	29	9	547.2456556
2008	11	29	12	543.1600277
2008	11	29	15	536.6479296
2008	11	29	18	560.0835844
2008	11	29	21	578.775871
2008	11	30	0	551.9831188
2008	11	30	3	482.4157888
2008	11	30	6	470.1915657
2008	11	30	9	466.6433098
2008	11	30	12	485.8890686
2008	11	30	15	531.5336973
2008	11	30	18	562.2907003
2008	11	30	21	572.0012273
2008	12	1	0	537.4163171
2008	12	1	3	472.5449987
2008	12	1	6	435.3222729
2008	12	1	9	409.7588665
2008	12	1	12	407.0451997
2008	12	1	15	437.8509172
2008	12	1	18	479.1500988
2008	12	1	21	506.0366914
2008	12	2	0	509.4097141
2008	12	2	3	501.0598532
2008	12	2	6	500.165634
2008	12	2	9	489.8611871
2008	12	2	12	494.0633973
2008	12	2	15	484.8760766
2008	12	2	18	462.6816473
2008	12	2	21	467.9655365
2008	12	3	0	443.9964345
2008	12	3	3	395.7709994
2008	12	3	6	396.0162497
2008	12	3	9	399.6488032
2008	12	3	12	435.4165295
2008	12	3	15	463.8016218
2008	12	3	18	453.5376217
2008	12	3	21	418.4934426
2008	12	4	0	356.8606533
2008	12	4	3	305.4884661
2008	12	4	6	296.6066249
2008	12	4	9	296.0022064
2008	12	4	12	299.2763978
2008	12	4	15	342.4957189
2008	12	4	18	402.0807889
2008	12	4	21	385.2428213
2008	12	5	0	348.5362397
2008	12	5	3	316.6968064
2008	12	5	6	300.2480725
2008	12	5	9	294.219303
2008	12	5	12	296.4434157
2008	12	5	15	322.9727885
2008	12	5	18	381.4602951
2008	12	5	21	388.3195711
2008	12	6	0	316.9702651
2008	12	6	3	248.4667329
2008	12	6	6	253.9815748
2008	12	6	9	260.2758598
2008	12	6	12	268.2631391
2008	12	6	15	318.948204
2008	12	6	18	380.0962573
2008	12	6	21	391.833447
2008	12	7	0	327.0080264
2008	12	7	3	271.6184387
2008	12	7	6	268.5775915
2008	12	7	9	280.5278863
2008	12	7	12	314.1638448
2008	12	7	15	371.7339328
2008	12	7	18	437.0805705
2008	12	7	21	447.7269747
2008	12	8	0	413.8625609
2008	12	8	3	392.3564824
2008	12	8	6	386.59691
2008	12	8	9	370.0100035
2008	12	8	12	299.8696894
2008	12	8	15	265.1225426
2008	12	8	18	351.1799244
2008	12	8	21	354.2256388
2008	12	9	0	313.3686889
2008	12	9	3	272.1802559
2008	12	9	6	277.6929934
2008	12	9	9	292.7994172
2008	12	9	12	297.8830255
2008	12	9	15	316.5250657
2008	12	9	18	367.3062828
2008	12	9	21	368.7009116
2008	12	10	0	296.0826173
2008	12	10	3	243.1779499
2008	12	10	6	240.789904
2008	12	10	9	235.9459875
2008	12	10	12	221.2089842
2008	12	10	15	232.5477956
2008	12	10	18	324.4896625
2008	12	10	21	353.0892852
2008	12	11	0	334.5755615
2008	12	11	3	334.5348394
2008	12	11	6	320.8850954
2008	12	11	9	310.6269118
2008	12	11	12	332.5801307
2008	12	11	15	372.1050761
2008	12	11	18	406.626247
2008	12	11	21	419.590726
2008	12	12	0	379.2756974
2008	12	12	3	366.417188
2008	12	12	6	398.8638479
2008	12	12	9	427.4999905
2008	12	12	12	430.3667125
2008	12	12	15	436.9413707
2008	12	12	18	419.64851
2008	12	12	21	352.2704376
2008	12	13	0	301.8683004
2008	12	13	3	219.0068461
2008	12	13	6	217.1213261
2008	12	13	9	218.3458629
2008	12	13	12	232.4360616
2008	12	13	15	261.4262997
2008	12	13	18	285.1700506
2008	12	13	21	284.6887513
2008	12	14	0	237.5575845
2008	12	14	3	181.0733477
2008	12	14	6	177.0578471
2008	12	14	9	174.038093
2008	12	14	12	160.6153998
2008	12	14	15	176.9397961
2008	12	14	18	256.2568379
2008	12	14	21	305.9579354
2008	12	15	0	313.4673511
2008	12	15	3	308.0890346
2008	12	15	6	306.1623085
2008	12	15	9	297.6793036
2008	12	15	12	289.751253
2008	12	15	15	295.6418577
2008	12	15	18	365.4196034
2008	12	15	21	344.2587813
2008	12	16	0	268.0463978
2008	12	16	3	198.4945009
2008	12	16	6	192.7951036
2008	12	16	9	187.4485642
2008	12	16	12	201.6336084
2008	12	16	15	249.8020515
2008	12	16	18	322.4422579
2008	12	16	21	310.0489777
2008	12	17	0	234.9449611
2008	12	17	3	218.3362642
2008	12	17	6	229.8772498
2008	12	17	9	243.5091323
2008	12	17	12	262.806377
2008	12	17	15	264.8408989
2008	12	17	18	319.7757257
2008	12	17	21	335.6481249
2008	12	18	0	300.3194937
2008	12	18	3	257.96282
2008	12	18	6	296.5750011
2008	12	18	9	326.6102255
2008	12	18	12	299.0299188
2008	12	18	15	262.929302
2008	12	18	18	366.0380552
2008	12	18	21	395.538434
2008	12	19	0	344.6774634
2008	12	19	3	278.6296032
2008	12	19	6	266.407925
2008	12	19	9	262.32454
2008	12	19	12	235.0814138
2008	12	19	15	206.3925715
2008	12	19	18	264.5211578
2008	12	19	21	292.244453
2008	12	20	0	261.019793
2008	12	20	3	189.3706115
2008	12	20	6	186.8984216
2008	12	20	9	184.884059
2008	12	20	12	200.7022366
2008	12	20	15	230.7711622
2008	12	20	18	287.6751886
2008	12	20	21	336.7984244
2008	12	21	0	343.9916295
2008	12	21	3	332.8274757
2008	12	21	6	365.9489464
2008	12	21	9	397.6348272
2008	12	21	12	423.7114969
2008	12	21	15	460.2819301
2008	12	21	18	483.4737176
2008	12	21	21	498.7960264
2008	12	22	0	464.8120403
2008	12	22	3	332.1464572
2008	12	22	6	288.5538935
2008	12	22	9	267.4170113
2008	12	22	12	247.3080717
2008	12	22	15	254.6679924
2008	12	22	18	311.6421966
2008	12	22	21	309.2375114
2008	12	23	0	271.8141261
2008	12	23	3	227.4181147
2008	12	23	6	201.3711927
2008	12	23	9	169.7527652
2008	12	23	12	170.4846568
2008	12	23	15	203.9346576
2008	12	23	18	280.1421523
2008	12	23	21	323.02727
2008	12	24	0	309.2313883
2008	12	24	3	286.3792315
2008	12	24	6	339.7333415
2008	12	24	9	389.0907395
2008	12	24	12	411.2608445
2008	12	24	15	415.8037115
2008	12	24	18	467.8051707
2008	12	24	21	495.1304892
2008	12	25	0	510.0834017
2008	12	25	3	485.5460976
2008	12	25	6	403.0644673
2008	12	25	9	345.9756373
2008	12	25	12	273.5531801
2008	12	25	15	221.5223815
2008	12	25	18	236.5565025
2008	12	25	21	259.7337362
2008	12	26	0	250.1238652
2008	12	26	3	188.9589637
2008	12	26	6	155.1646775
2008	12	26	9	141.9576391
2008	12	26	12	141.3039492
2008	12	26	15	178.0116443
2008	12	26	18	228.7014472
2008	12	26	21	258.8403812
2008	12	27	0	250.9074231
2008	12	27	3	226.4313054
2008	12	27	6	257.3435371
2008	12	27	9	292.5025302
2008	12	27	12	315.2003953
2008	12	27	15	340.1052202
2008	12	27	18	414.1559469
2008	12	27	21	478.9452126
2008	12	28	0	480.3263437
2008	12	28	3	434.8043435
2008	12	28	6	404.3340745
2008	12	28	9	378.425462
2008	12	28	12	387.7904507
2008	12	28	15	407.6774457
2008	12	28	18	467.5434801
2008	12	28	21	477.9584853
2008	12	29	0	406.3258595
2008	12	29	3	293.2047582
2008	12	29	6	279.8943035
2008	12	29	9	276.0383257
2008	12	29	12	299.1591405
2008	12	29	15	355.460434
2008	12	29	18	447.2931685
2008	12	29	21	415.4034298
2008	12	30	0	310.0274825
2008	12	30	3	261.3811989
2008	12	30	6	251.3825897
2008	12	30	9	238.3910717
2008	12	30	12	224.9955806
2008	12	30	15	295.1605373
2008	12	30	18	415.3485681
2008	12	30	21	418.009487
2008	12	31	0	295.5948562
2008	12	31	3	193.4822764
2008	12	31	6	216.5933714
2008	12	31	9	228.3167112
2008	12	31	12	246.3715768
2008	12	31	15	324.7951401
2008	12	31	18	401.5149406
2008	12	31	21	428.3954379
2009	1	1	0	428.2847938
2009	1	1	3	405.6438764
2009	1	1	6	403.0488141
2009	1	1	9	430.012252
2009	1	1	12	423.7770548
2009	1	1	15	423.8575576
2009	1	1	18	509.4183653
2009	1	1	21	545.1519163
2009	1	2	0	541.3009516
2009	1	2	3	505.8480682
2009	1	2	6	509.1806638
2009	1	2	9	450.708004
2009	1	2	12	361.0256793
2009	1	2	15	272.7048994
2009	1	2	18	267.8928269
2009	1	2	21	279.6719254
2009	1	3	0	230.7629881
2009	1	3	3	133.7573695
2009	1	3	6	119.1241128
2009	1	3	9	117.6288727
2009	1	3	12	107.1193214
2009	1	3	15	115.087072
2009	1	3	18	184.4150199
2009	1	3	21	195.2433353
2009	1	4	0	138.038237
2009	1	4	3	88.33427055
2009	1	4	6	92.18729366
2009	1	4	9	105.1237981
2009	1	4	12	123.6583281
2009	1	4	15	178.4778337
2009	1	4	18	267.8282025
2009	1	4	21	330.1686171
2009	1	5	0	338.0589051
2009	1	5	3	323.9964158
2009	1	5	6	335.000608
2009	1	5	9	353.4590122
2009	1	5	12	368.2118686
2009	1	5	15	396.7752512
2009	1	5	18	462.303916
2009	1	5	21	484.6841748
2009	1	6	0	484.8109493
2009	1	6	3	477.7396328
2009	1	6	6	507.7008786
2009	1	6	9	534.5568585
2009	1	6	12	509.8870283
2009	1	6	15	468.2447803
2009	1	6	18	503.3720446
2009	1	6	21	509.8097983
2009	1	7	0	445.7537533
2009	1	7	3	327.5032278
2009	1	7	6	373.7264195
2009	1	7	9	428.7905176
2009	1	7	12	431.5511144
2009	1	7	15	414.809507
2009	1	7	18	482.9681084
2009	1	7	21	509.0403957
2009	1	8	0	504.4651115
2009	1	8	3	483.2015714
2009	1	8	6	492.1305633
2009	1	8	9	460.8902332
2009	1	8	12	412.3610658
2009	1	8	15	390.0151403
2009	1	8	18	404.0401615
2009	1	8	21	402.547161
2009	1	9	0	328.4469761
2009	1	9	3	234.8477867
2009	1	9	6	219.4036665
2009	1	9	9	216.975123
2009	1	9	12	222.7244487
2009	1	9	15	277.516324
2009	1	9	18	377.8710347
2009	1	9	21	392.8725098
2009	1	10	0	339.2628369
2009	1	10	3	272.8906428
2009	1	10	6	290.5732252
2009	1	10	9	313.1802218
2009	1	10	12	328.2230473
2009	1	10	15	358.1273536
2009	1	10	18	419.7781721
2009	1	10	21	450.4989072
2009	1	11	0	388.4898036
2009	1	11	3	338.0811791
2009	1	11	6	370.8859606
2009	1	11	9	395.2744692
2009	1	11	12	415.9306081
2009	1	11	15	436.0129855
2009	1	11	18	490.261628
2009	1	11	21	488.1238692
2009	1	12	0	435.6952254
2009	1	12	3	389.6356591
2009	1	12	6	394.0910856
2009	1	12	9	347.3628225
2009	1	12	12	321.0564429
2009	1	12	15	373.8872705
2009	1	12	18	487.4067303
2009	1	12	21	478.814924
2009	1	13	0	367.0337034
2009	1	13	3	271.5546688
2009	1	13	6	262.6185601
2009	1	13	9	254.4648701
2009	1	13	12	252.0963725
2009	1	13	15	303.6269302
2009	1	13	18	415.8692918
2009	1	13	21	422.7536197
2009	1	14	0	323.2948719
2009	1	14	3	210.8794853
2009	1	14	6	206.883786
2009	1	14	9	204.716964
2009	1	14	12	205.4695207
2009	1	14	15	260.0193321
2009	1	14	18	372.8982385
2009	1	14	21	402.2389524
2009	1	15	0	327.0810971
2009	1	15	3	241.0437621
2009	1	15	6	228.9122238
2009	1	15	9	223.4541638
2009	1	15	12	227.7966327
2009	1	15	15	282.5719173
2009	1	15	18	382.7823517
2009	1	15	21	404.1352624
2009	1	16	0	329.7293586
2009	1	16	3	231.6611489
2009	1	16	6	210.6631074
2009	1	16	9	204.4790511
2009	1	16	12	209.8827039
2009	1	16	15	282.6692209
2009	1	16	18	398.6835319
2009	1	16	21	416.8716331
2009	1	17	0	334.6957917
2009	1	17	3	234.8574087
2009	1	17	6	211.1355027
2009	1	17	9	197.4472749
2009	1	17	12	206.8191715
2009	1	17	15	279.3048309
2009	1	17	18	386.0694276
2009	1	17	21	396.9120824
2009	1	18	0	318.3829243
2009	1	18	3	239.9453842
2009	1	18	6	224.3406028
2009	1	18	9	202.6822747
2009	1	18	12	198.6419211
2009	1	18	15	253.234328
2009	1	18	18	366.6859981
2009	1	18	21	387.7292914
2009	1	19	0	304.0485817
2009	1	19	3	221.3928947
2009	1	19	6	196.2716038
2009	1	19	9	177.7665738
2009	1	19	12	177.1161469
2009	1	19	15	249.6164118
2009	1	19	18	365.5078873
2009	1	19	21	380.6841807
2009	1	20	0	314.784908
2009	1	20	3	251.7943067
2009	1	20	6	230.5222689
2009	1	20	9	206.328518
2009	1	20	12	202.6972561
2009	1	20	15	285.1533899
2009	1	20	18	394.7784942
2009	1	20	21	418.2871769
2009	1	21	0	357.2597167
2009	1	21	3	265.2522022
2009	1	21	6	268.9855794
2009	1	21	9	293.6939447
2009	1	21	12	346.464183
2009	1	21	15	406.056114
2009	1	21	18	458.5277997
2009	1	21	21	490.6146897
2009	1	22	0	526.9885268
2009	1	22	3	560.1825977
2009	1	22	6	558.8285637
2009	1	22	9	566.7655337
2009	1	22	12	555.8023806
2009	1	22	15	546.0199298
2009	1	22	18	556.8578787
2009	1	22	21	559.7844064
2009	1	23	0	551.037294
2009	1	23	3	534.3609981
2009	1	23	6	552.7145388
2009	1	23	9	572.2562019
2009	1	23	12	579.1293899
2009	1	23	15	574.2736244
2009	1	23	18	574.9006473
2009	1	23	21	575.8188111
2009	1	24	0	563.0674784
2009	1	24	3	510.8922233
2009	1	24	6	474.4381756
2009	1	24	9	517.6678334
2009	1	24	12	550.7774239
2009	1	24	15	547.4005576
2009	1	24	18	543.1761832
2009	1	24	21	546.460072
2009	1	25	0	536.3939873
2009	1	25	3	516.1990387
2009	1	25	6	488.3512163
2009	1	25	9	464.4903202
2009	1	25	12	402.690687
2009	1	25	15	323.1039016
2009	1	25	18	353.4033852
2009	1	25	21	363.3490662
2009	1	26	0	325.6549137
2009	1	26	3	256.063605
2009	1	26	6	247.2031598
2009	1	26	9	225.5087566
2009	1	26	12	186.6924636
2009	1	26	15	155.4226609
2009	1	26	18	208.6684532
2009	1	26	21	239.4531391
2009	1	27	0	227.5693696
2009	1	27	3	186.3482958
2009	1	27	6	210.1227735
2009	1	27	9	245.5241657
2009	1	27	12	271.9463885
2009	1	27	15	308.5582131
2009	1	27	18	366.0572105
2009	1	27	21	407.6164811
2009	1	28	0	386.6994303
2009	1	28	3	314.9582156
2009	1	28	6	282.152894
2009	1	28	9	251.4562162
2009	1	28	12	238.682846
2009	1	28	15	253.3660822
2009	1	28	18	368.3944196
2009	1	28	21	381.534966
2009	1	29	0	342.6245719
2009	1	29	3	288.865898
2009	1	29	6	283.9999622
2009	1	29	9	281.5936615
2009	1	29	12	286.5565274
2009	1	29	15	303.3018781
2009	1	29	18	318.3247657
2009	1	29	21	341.9131836
2009	1	30	0	322.8588149
2009	1	30	3	245.9076669
2009	1	30	6	237.4289315
2009	1	30	9	237.6458955
2009	1	30	12	246.7712719
2009	1	30	15	312.4396649
2009	1	30	18	420.9297172
2009	1	30	21	449.2895878
2009	1	31	0	416.1547835
2009	1	31	3	360.9484667
2009	1	31	6	369.0298963
2009	1	31	9	341.8916311
2009	1	31	12	348.0110417
2009	1	31	15	377.2141022
2009	1	31	18	361.802077
2009	1	31	21	342.2003751
2009	2	1	0	312.2997556
2009	2	1	3	225.0810326
2009	2	1	6	209.9952333
2009	2	1	9	207.3375888
2009	2	1	12	220.0343512
2009	2	1	15	256.9430402
2009	2	1	18	271.4706215
2009	2	1	21	297.9641624
2009	2	2	0	284.3570057
2009	2	2	3	205.7781358
2009	2	2	6	212.8198741
2009	2	2	9	210.5371875
2009	2	2	12	213.6458519
2009	2	2	15	268.6860688
2009	2	2	18	375.4725587
2009	2	2	21	413.496303
2009	2	3	0	378.7210246
2009	2	3	3	259.3585427
2009	2	3	6	248.7486663
2009	2	3	9	241.5609318
2009	2	3	12	260.5389825
2009	2	3	15	348.9632449
2009	2	3	18	440.7287967
2009	2	3	21	459.0651421
2009	2	4	0	398.1945523
2009	2	4	3	249.4444818
2009	2	4	6	239.0980354
2009	2	4	9	233.5188088
2009	2	4	12	246.8479655
2009	2	4	15	322.9891599
2009	2	4	18	402.4243497
2009	2	4	21	410.4728101
2009	2	5	0	384.9928612
2009	2	5	3	319.862542
2009	2	5	6	328.3402879
2009	2	5	9	353.9155737
2009	2	5	12	373.0370851
2009	2	5	15	425.9068295
2009	2	5	18	472.8728136
2009	2	5	21	490.3354683
2009	2	6	0	465.3856429
2009	2	6	3	430.5247457
2009	2	6	6	446.0647204
2009	2	6	9	428.1356847
2009	2	6	12	405.7053157
2009	2	6	15	433.3942497
2009	2	6	18	472.5981656
2009	2	6	21	484.3082235
2009	2	7	0	462.2278558
2009	2	7	3	391.5200133
2009	2	7	6	412.2463279
2009	2	7	9	407.0063757
2009	2	7	12	388.5827195
2009	2	7	15	417.1501141
2009	2	7	18	467.6198669
2009	2	7	21	500.4398884
2009	2	8	0	527.4164368
2009	2	8	3	518.0198185
2009	2	8	6	515.542656
2009	2	8	9	517.1732956
2009	2	8	12	504.9832969
2009	2	8	15	500.8196586
2009	2	8	18	469.1976803
2009	2	8	21	467.9306255
2009	2	9	0	451.3288079
2009	2	9	3	392.7790699
2009	2	9	6	403.1090579
2009	2	9	9	419.9831989
2009	2	9	12	393.6733785
2009	2	9	15	353.8812036
2009	2	9	18	368.6494725
2009	2	9	21	378.8381372
2009	2	10	0	314.7917983
2009	2	10	3	203.4516795
2009	2	10	6	221.1998711
2009	2	10	9	249.5213223
2009	2	10	12	261.3457321
2009	2	10	15	284.5502105
2009	2	10	18	336.7546486
2009	2	10	21	379.332867
2009	2	11	0	356.7457011
2009	2	11	3	267.4425687
2009	2	11	6	254.7694167
2009	2	11	9	247.3621454
2009	2	11	12	273.0813754
2009	2	11	15	353.1506431
2009	2	11	18	402.6754145
2009	2	11	21	427.8949662
2009	2	12	0	399.0360326
2009	2	12	3	315.9596226
2009	2	12	6	309.5167281
2009	2	12	9	287.2285096
2009	2	12	12	248.3742755
2009	2	12	15	279.8725961
2009	2	12	18	386.8214678
2009	2	12	21	401.5920856
2009	2	13	0	372.0742156
2009	2	13	3	292.1144535
2009	2	13	6	303.7649914
2009	2	13	9	306.1107123
2009	2	13	12	309.8842597
2009	2	13	15	361.6093339
2009	2	13	18	402.4051632
2009	2	13	21	386.4390332
2009	2	14	0	352.414155
2009	2	14	3	263.9349726
2009	2	14	6	247.1741405
2009	2	14	9	259.7142857
2009	2	14	12	252.4399966
2009	2	14	15	279.7739762
2009	2	14	18	359.9718691
2009	2	14	21	394.7827813
2009	2	15	0	333.0711077
2009	2	15	3	178.9133052
2009	2	15	6	228.9284274
2009	2	15	9	297.1078587
2009	2	15	12	297.7955696
2009	2	15	15	308.9648261
2009	2	15	18	398.7892332
2009	2	15	21	439.2887119
2009	2	16	0	442.4611126
2009	2	16	3	419.9743695
2009	2	16	6	456.6548307
2009	2	16	9	465.56104
2009	2	16	12	455.5619499
2009	2	16	15	467.3336614
2009	2	16	18	455.5454205
2009	2	16	21	459.9937496
2009	2	17	0	452.2278979
2009	2	17	3	421.8323877
2009	2	17	6	398.1984476
2009	2	17	9	381.3658672
2009	2	17	12	370.2653241
2009	2	17	15	387.165659
2009	2	17	18	410.8019787
2009	2	17	21	426.9779035
2009	2	18	0	384.5963659
2009	2	18	3	269.2929809
2009	2	18	6	239.8542084
2009	2	18	9	214.3925875
2009	2	18	12	215.0333513
2009	2	18	15	282.1180932
2009	2	18	18	404.4098454
2009	2	18	21	442.1349124
2009	2	19	0	379.6070568
2009	2	19	3	222.9939717
2009	2	19	6	204.518547
2009	2	19	9	191.43039
2009	2	19	12	185.2040586
2009	2	19	15	245.7660557
2009	2	19	18	376.3459596
2009	2	19	21	426.3785473
2009	2	20	0	347.8236592
2009	2	20	3	167.3074842
2009	2	20	6	157.763671
2009	2	20	9	155.2141561
2009	2	20	12	184.6546228
2009	2	20	15	295.2410073
2009	2	20	18	402.1973252
2009	2	20	21	432.7607079
2009	2	21	0	379.092873
2009	2	21	3	228.840855
2009	2	21	6	207.0993454
2009	2	21	9	192.0579381
2009	2	21	12	242.0983899
2009	2	21	15	356.1705721
2009	2	21	18	418.7794126
2009	2	21	21	431.9457598
2009	2	22	0	411.5590256
2009	2	22	3	378.2577602
2009	2	22	6	448.2796524
2009	2	22	9	508.9419039
2009	2	22	12	539.8102176
2009	2	22	15	557.5338612
2009	2	22	18	577.1474959
2009	2	22	21	581.3786927
2009	2	23	0	553.8952015
2009	2	23	3	511.9202321
2009	2	23	6	525.9082366
2009	2	23	9	517.8641907
2009	2	23	12	535.2934724
2009	2	23	15	528.6670938
2009	2	23	18	540.9702551
2009	2	23	21	548.1649498
2009	2	24	0	512.0409237
2009	2	24	3	403.318224
2009	2	24	6	366.8780338
2009	2	24	9	409.037651
2009	2	24	12	427.4101201
2009	2	24	15	474.3230366
2009	2	24	18	497.7726706
2009	2	24	21	525.3080724
2009	2	25	0	524.8877482
2009	2	25	3	502.0469303
2009	2	25	6	456.4474472
2009	2	25	9	360.0842551
2009	2	25	12	378.1601978
2009	2	25	15	439.7802614
2009	2	25	18	439.7970796
2009	2	25	21	451.318959
2009	2	26	0	430.7387336
2009	2	26	3	359.7161387
2009	2	26	6	369.8817262
2009	2	26	9	373.8053976
2009	2	26	12	360.3311412
2009	2	26	15	298.1395103
2009	2	26	18	269.291063
2009	2	26	21	280.652717
2009	2	27	0	229.7516762
2009	2	27	3	117.3073616
2009	2	27	6	138.9715345
2009	2	27	9	140.2985959
2009	2	27	12	163.3567308
2009	2	27	15	249.3930454
2009	2	27	18	341.6766926
2009	2	27	21	385.3271744
2009	2	28	0	350.2708154
2009	2	28	3	225.1862607
2009	2	28	6	231.9287551
2009	2	28	9	229.065677
2009	2	28	12	271.8637438
2009	2	28	15	361.1032629
2009	2	28	18	380.791083
2009	2	28	21	415.4055184
2009	3	1	0	404.03469
2009	3	1	3	334.3621326
2009	3	1	6	367.7237514
2009	3	1	9	385.2081831
2009	3	1	12	385.8833016
2009	3	1	15	405.427828
2009	3	1	18	438.9391971
2009	3	1	21	543.6182362
2009	3	2	0	560.5131036
2009	3	2	3	450.5975446
2009	3	2	6	471.6553971
2009	3	2	9	452.1881203
2009	3	2	12	466.2131143
2009	3	2	15	506.7046937
2009	3	2	18	560.7011987
2009	3	2	21	639.0703377
2009	3	3	0	528.5909151
2009	3	3	3	407.636946
2009	3	3	6	388.2511389
2009	3	3	9	352.9142305
2009	3	3	12	364.1339283
2009	3	3	15	397.442842
2009	3	3	18	391.4629397
2009	3	3	21	404.2364152
2009	3	4	0	398.5668973
2009	3	4	3	410.4910067
2009	3	4	6	405.0514503
2009	3	4	9	393.1156903
2009	3	4	12	373.5249229
2009	3	4	15	356.1730464
2009	3	4	18	330.1493186
2009	3	4	21	316.4350042
2009	3	5	0	311.8231619
2009	3	5	3	253.3909661
2009	3	5	6	216.4546044
2009	3	5	9	232.5266107
2009	3	5	12	276.2602351
2009	3	5	15	321.4265667
2009	3	5	18	335.8586399
2009	3	5	21	348.9002851
2009	3	6	0	345.1527109
2009	3	6	3	334.4256765
2009	3	6	6	327.640322
2009	3	6	9	323.0286328
2009	3	6	12	330.7704149
2009	3	6	15	349.6760284
2009	3	6	18	365.78483
2009	3	6	21	368.8495269
2009	3	7	0	333.657941
2009	3	7	3	262.6387916
2009	3	7	6	276.2815328
2009	3	7	9	288.7765091
2009	3	7	12	319.9280703
2009	3	7	15	352.9922014
2009	3	7	18	361.3404257
2009	3	7	21	388.0670913
2009	3	8	0	371.9458842
2009	3	8	3	279.5814698
2009	3	8	6	286.771439
2009	3	8	9	309.3931878
2009	3	8	12	362.7489965
2009	3	8	15	430.9711955
2009	3	8	18	468.1969318
2009	3	8	21	470.2590024
2009	3	9	0	417.7275891
2009	3	9	3	335.8383211
2009	3	9	6	317.2696109
2009	3	9	9	302.964458
2009	3	9	12	278.2212677
2009	3	9	15	251.0521194
2009	3	9	18	274.2112012
2009	3	9	21	296.6692429
2009	3	10	0	255.101721
2009	3	10	3	171.4594631
2009	3	10	6	180.090061
2009	3	10	9	178.5382558
2009	3	10	12	197.0285584
2009	3	10	15	277.2310016
2009	3	10	18	360.3995078
2009	3	10	21	404.6836164
2009	3	11	0	361.0763736
2009	3	11	3	246.9593424
2009	3	11	6	232.9011845
2009	3	11	9	223.9266295
2009	3	11	12	259.4885791
2009	3	11	15	373.425672
2009	3	11	18	427.352799
2009	3	11	21	430.6695733
2009	3	12	0	366.7920753
2009	3	12	3	209.4242615
2009	3	12	6	196.4226643
2009	3	12	9	192.9619614
2009	3	12	12	232.8132067
2009	3	12	15	340.207837
2009	3	12	18	386.8093356
2009	3	12	21	396.2123117
2009	3	13	0	352.8794294
2009	3	13	3	211.4924182
2009	3	13	6	209.3380068
2009	3	13	9	210.166644
2009	3	13	12	247.8785651
2009	3	13	15	344.5209423
2009	3	13	18	398.8267169
2009	3	13	21	429.6605959
2009	3	14	0	386.1168589
2009	3	14	3	250.3072826
2009	3	14	6	259.4572924
2009	3	14	9	279.5937003
2009	3	14	12	315.2727086
2009	3	14	15	380.4105432
2009	3	14	18	390.4424599
2009	3	14	21	441.1044728
2009	3	15	0	412.8190797
2009	3	15	3	290.3155312
2009	3	15	6	277.9114532
2009	3	15	9	302.5923751
2009	3	15	12	356.0887487
2009	3	15	15	399.9911094
2009	3	15	18	423.3420736
2009	3	15	21	490.7564452
2009	3	16	0	470.0491362
2009	3	16	3	376.936427
2009	3	16	6	474.1021351
2009	3	16	9	480.1978794
2009	3	16	12	473.1434673
2009	3	16	15	463.3894768
2009	3	16	18	468.6244551
2009	3	16	21	496.6645268
2009	3	17	0	462.0327793
2009	3	17	3	329.680076
2009	3	17	6	298.3266112
2009	3	17	9	296.1097513
2009	3	17	12	359.6607863
2009	3	17	15	460.9578244
2009	3	17	18	465.9787741
2009	3	17	21	506.367737
2009	3	18	0	473.9992786
2009	3	18	3	383.5217494
2009	3	18	6	370.9254773
2009	3	18	9	361.6810855
2009	3	18	12	391.7490227
2009	3	18	15	450.7083226
2009	3	18	18	467.2118828
2009	3	18	21	536.0218884
2009	3	19	0	545.0332962
2009	3	19	3	483.3498984
2009	3	19	6	478.4797882
2009	3	19	9	461.605977
2009	3	19	12	453.4949342
2009	3	19	15	500.2607083
2009	3	19	18	524.9385803
2009	3	19	21	638.3853749
2009	3	20	0	668.0365173
2009	3	20	3	480.3322139
2009	3	20	6	459.119508
2009	3	20	9	455.7430899
2009	3	20	12	458.4199665
2009	3	20	15	462.3827315
2009	3	20	18	528.9601088
2009	3	20	21	638.1004719
2009	3	21	0	511.6058305
2009	3	21	3	425.8951549
2009	3	21	6	457.8287305
2009	3	21	9	471.6964331
2009	3	21	12	477.311615
2009	3	21	15	496.3926896
2009	3	21	18	480.651237
2009	3	21	21	454.4840644
2009	3	22	0	436.6750322
2009	3	22	3	472.3182832
2009	3	22	6	478.3828754
2009	3	22	9	465.7961891
2009	3	22	12	434.6173856
2009	3	22	15	435.128288
2009	3	22	18	439.4940559
2009	3	22	21	450.2127012
2009	3	23	0	443.5407
2009	3	23	3	423.2806629
2009	3	23	6	407.9962176
2009	3	23	9	350.9174979
2009	3	23	12	333.0360785
2009	3	23	15	402.2168985
2009	3	23	18	416.5877285
2009	3	23	21	414.4157218
2009	3	24	0	418.0384033
2009	3	24	3	412.9861761
2009	3	24	6	426.6527137
2009	3	24	9	427.2386441
2009	3	24	12	437.454619
2009	3	24	15	460.1959902
2009	3	24	18	487.0262276
2009	3	24	21	524.0591822
2009	3	25	0	490.628439
2009	3	25	3	486.4053978
2009	3	25	6	489.3390122
2009	3	25	9	459.2519939
2009	3	25	12	392.6994113
2009	3	25	15	349.9158477
2009	3	25	18	353.1769704
2009	3	25	21	370.348345
2009	3	26	0	339.3121343
2009	3	26	3	254.9124586
2009	3	26	6	238.0992894
2009	3	26	9	223.8782535
2009	3	26	12	240.7141635
2009	3	26	15	290.2192184
2009	3	26	18	336.2655583
2009	3	26	21	355.4302982
2009	3	27	0	343.0580382
2009	3	27	3	292.2529606
2009	3	27	6	306.2082019
2009	3	27	9	308.7091041
2009	3	27	12	325.9282653
2009	3	27	15	357.714336
2009	3	27	18	407.0260106
2009	3	27	21	492.2756809
2009	3	28	0	495.6163514
2009	3	28	3	423.2316429
2009	3	28	6	439.9543161
2009	3	28	9	449.860488
2009	3	28	12	464.7319142
2009	3	28	15	502.7050541
2009	3	28	18	437.8599358
2009	3	28	21	314.6333267
2009	3	29	0	266.0607482
2009	3	29	3	284.5434263
2009	3	29	6	310.0836374
2009	3	29	9	319.5282024
2009	3	29	12	336.3083353
2009	3	29	15	361.2918333
2009	3	29	18	384.4395914
2009	3	29	21	400.1730311
2009	3	30	0	350.6632212
2009	3	30	3	239.8194937
2009	3	30	6	230.8982716
2009	3	30	9	235.7017251
2009	3	30	12	250.9588417
2009	3	30	15	335.9582772
2009	3	30	18	385.9359473
2009	3	30	21	404.8819063
2009	3	31	0	416.5331014
2009	3	31	3	384.2041548
2009	3	31	6	391.9498472
2009	3	31	9	391.1822437
2009	3	31	12	365.0665111
2009	3	31	15	347.6645391
2009	3	31	18	358.2451021
2009	3	31	21	376.2264248
2009	4	1	0	359.3778634
2009	4	1	3	306.4544262
2009	4	1	6	294.6931795
2009	4	1	9	315.2342085
2009	4	1	12	335.1416902
2009	4	1	15	368.3668582
2009	4	1	18	419.1122588
2009	4	1	21	451.6091885
2009	4	2	0	475.8902065
2009	4	2	3	490.0850747
2009	4	2	6	528.439462
2009	4	2	9	532.8159614
2009	4	2	12	514.5460619
2009	4	2	15	480.8086989
2009	4	2	18	439.7021927
2009	4	2	21	406.3383143
2009	4	3	0	388.8933684
2009	4	3	3	373.160234
2009	4	3	6	389.1866643
2009	4	3	9	394.2828277
2009	4	3	12	406.3785723
2009	4	3	15	437.2234376
2009	4	3	18	438.2889061
2009	4	3	21	451.818034
2009	4	4	0	468.536151
2009	4	4	3	461.6312859
2009	4	4	6	439.1315283
2009	4	4	9	447.4343185
2009	4	4	12	450.4653898
2009	4	4	15	420.6567704
2009	4	4	18	420.8823941
2009	4	4	21	435.2991565
2009	4	5	0	443.3445575
2009	4	5	3	405.0453494
2009	4	5	6	368.4460481
2009	4	5	9	361.8818257
2009	4	5	12	370.6977124
2009	4	5	15	406.6270029
2009	4	5	18	428.9727243
2009	4	5	21	480.7695325
2009	4	6	0	423.8464767
2009	4	6	3	294.5393056
2009	4	6	6	288.5992119
2009	4	6	9	272.2050207
2009	4	6	12	285.7231489
2009	4	6	15	344.8357253
2009	4	6	18	406.2797949
2009	4	6	21	495.6691689
2009	4	7	0	499.3935125
2009	4	7	3	423.6344393
2009	4	7	6	399.1328008
2009	4	7	9	365.2679955
2009	4	7	12	369.2288589
2009	4	7	15	445.0829497
2009	4	7	18	490.0719939
2009	4	7	21	587.7746383
2009	4	8	0	499.3734159
2009	4	8	3	503.6927848
2009	4	8	6	531.5130832
2009	4	8	9	550.6069885
2009	4	8	12	554.1716443
2009	4	8	15	573.4498668
2009	4	8	18	627.3087597
2009	4	8	21	659.6581802
2009	4	9	0	654.7639334
2009	4	9	3	539.9428455
2009	4	9	6	517.2020861
2009	4	9	9	488.6395194
2009	4	9	12	478.8163503
2009	4	9	15	521.7894371
2009	4	9	18	594.7904646
2009	4	9	21	568.7817905
2009	4	10	0	525.4030219
2009	4	10	3	493.5512461
2009	4	10	6	483.6387944
2009	4	10	9	476.3524949
2009	4	10	12	488.5925207
2009	4	10	15	560.0535178
2009	4	10	18	646.1839329
2009	4	10	21	656.0783505
2009	4	11	0	612.3141904
2009	4	11	3	563.9337753
2009	4	11	6	542.7501606
2009	4	11	9	509.420735
2009	4	11	12	486.1592187
2009	4	11	15	512.2723015
2009	4	11	18	540.7815005
2009	4	11	21	600.1303752
2009	4	12	0	545.876319
2009	4	12	3	441.3917518
2009	4	12	6	407.0852939
2009	4	12	9	398.721272
2009	4	12	12	422.0647774
2009	4	12	15	483.3575507
2009	4	12	18	539.5021418
2009	4	12	21	614.5053057
2009	4	13	0	589.7382057
2009	4	13	3	531.2091303
2009	4	13	6	517.2098324
2009	4	13	9	519.5545244
2009	4	13	12	566.2676153
2009	4	13	15	648.2694643
2009	4	13	18	684.0368176
2009	4	13	21	716.4115818
2009	4	14	0	744.0694962
2009	4	14	3	653.8596823
2009	4	14	6	631.3188044
2009	4	14	9	570.1452513
2009	4	14	12	580.6532152
2009	4	14	15	611.3742602
2009	4	14	18	510.0807155
2009	4	14	21	465.5866233
2009	4	15	0	461.8126193
2009	4	15	3	432.7481794
2009	4	15	6	423.0783027
2009	4	15	9	461.7868334
2009	4	15	12	455.1784601
2009	4	15	15	429.9821236
2009	4	15	18	464.408624
2009	4	15	21	537.8936318
2009	4	16	0	573.2551754
2009	4	16	3	514.4431154
2009	4	16	6	517.6714072
2009	4	16	9	512.7051932
2009	4	16	12	531.2362264
2009	4	16	15	548.430976
2009	4	16	18	598.5594932
2009	4	16	21	658.2304564
2009	4	17	0	640.5433572
2009	4	17	3	600.6161221
2009	4	17	6	548.7514172
2009	4	17	9	512.3872705
2009	4	17	12	540.4878907
2009	4	17	15	647.1273319
2009	4	17	18	692.0376027
2009	4	17	21	701.1093922
2009	4	18	0	629.6895278
2009	4	18	3	531.7279337
2009	4	18	6	478.7345972
2009	4	18	9	437.1151745
2009	4	18	12	483.5236327
2009	4	18	15	626.1216904
2009	4	18	18	673.9753548
2009	4	18	21	680.7133439
2009	4	19	0	594.8611565
2009	4	19	3	419.3455246
2009	4	19	6	401.752383
2009	4	19	9	377.0905314
2009	4	19	12	356.922943
2009	4	19	15	394.0653099
2009	4	19	18	510.8275859
2009	4	19	21	591.0715538
2009	4	20	0	538.4638027
2009	4	20	3	397.6592658
2009	4	20	6	395.3146155
2009	4	20	9	373.6583366
2009	4	20	12	406.6728982
2009	4	20	15	554.4727824
2009	4	20	18	647.7053996
2009	4	20	21	688.8639568
2009	4	21	0	560.4601439
2009	4	21	3	336.0085265
2009	4	21	6	345.5626363
2009	4	21	9	335.0741148
2009	4	21	12	381.4561489
2009	4	21	15	543.3884096
2009	4	21	18	662.3098896
2009	4	21	21	690.7909034
2009	4	22	0	563.2873487
2009	4	22	3	385.2949834
2009	4	22	6	373.2837126
2009	4	22	9	369.2983924
2009	4	22	12	431.1304636
2009	4	22	15	585.4474998
2009	4	22	18	634.7715664
2009	4	22	21	628.6477641
2009	4	23	0	587.6840621
2009	4	23	3	487.7613732
2009	4	23	6	488.758314
2009	4	23	9	496.3362394
2009	4	23	12	563.9465343
2009	4	23	15	634.0171309
2009	4	23	18	630.2072122
2009	4	23	21	676.0153945
2009	4	24	0	664.6977528
2009	4	24	3	647.6704388
2009	4	24	6	651.7266524
2009	4	24	9	639.1204032
2009	4	24	12	637.5445463
2009	4	24	15	678.4896814
2009	4	24	18	692.6666399
2009	4	24	21	662.5463646
2009	4	25	0	584.5016011
2009	4	25	3	537.8036695
2009	4	25	6	521.2591153
2009	4	25	9	496.7594353
2009	4	25	12	497.3252613
2009	4	25	15	511.6621989
2009	4	25	18	481.6136004
2009	4	25	21	464.8182121
2009	4	26	0	395.9562426
2009	4	26	3	335.4733913
2009	4	26	6	358.8081174
2009	4	26	9	359.586787
2009	4	26	12	400.0051389
2009	4	26	15	509.4252487
2009	4	26	18	540.876289
2009	4	26	21	569.2566143
2009	4	27	0	532.6559698
2009	4	27	3	435.8736165
2009	4	27	6	441.7164487
2009	4	27	9	428.1925561
2009	4	27	12	460.9288068
2009	4	27	15	565.6733354
2009	4	27	18	632.5067141
2009	4	27	21	611.1763386
2009	4	28	0	568.9971411
2009	4	28	3	570.0699471
2009	4	28	6	532.3316049
2009	4	28	9	485.8664277
2009	4	28	12	502.9404079
2009	4	28	15	601.2613961
2009	4	28	18	572.5800122
2009	4	28	21	525.5130257
2009	4	29	0	514.358296
2009	4	29	3	505.6235229
2009	4	29	6	463.582005
2009	4	29	9	432.6530736
2009	4	29	12	447.915935
2009	4	29	15	532.0523126
2009	4	29	18	604.2680865
2009	4	29	21	584.9340547
2009	4	30	0	505.0954081
2009	4	30	3	472.7200272
2009	4	30	6	458.5194295
2009	4	30	9	470.4754827
2009	4	30	12	545.9714163
2009	4	30	15	675.5130446
2009	4	30	18	752.1579313
2009	4	30	21	815.9337663
2009	5	1	0	835.3067228
2009	5	1	3	757.9677174
2009	5	1	6	709.8796259
2009	5	1	9	731.8719559
2009	5	1	12	755.6833261
2009	5	1	15	810.5778266
2009	5	1	18	842.0107112
2009	5	1	21	784.5237026
2009	5	2	0	731.5546969
2009	5	2	3	691.485446
2009	5	2	6	645.9261565
2009	5	2	9	607.0025988
2009	5	2	12	647.6504575
2009	5	2	15	757.4642445
2009	5	2	18	792.2459597
2009	5	2	21	774.3717782
2009	5	3	0	810.7225268
2009	5	3	3	790.9786715
2009	5	3	6	771.6487831
2009	5	3	9	777.1082739
2009	5	3	12	730.1322243
2009	5	3	15	687.1305963
2009	5	3	18	673.01607
2009	5	3	21	680.9446252
2009	5	4	0	674.4732951
2009	5	4	3	656.1586887
2009	5	4	6	658.3952873
2009	5	4	9	667.6077677
2009	5	4	12	723.4304086
2009	5	4	15	850.6530251
2009	5	4	18	860.1830961
2009	5	4	21	771.4385192
2009	5	5	0	703.2674541
2009	5	5	3	659.7717436
2009	5	5	6	614.1885185
2009	5	5	9	574.3309989
2009	5	5	12	613.1709648
2009	5	5	15	721.2918166
2009	5	5	18	728.2647919
2009	5	5	21	762.400257
2009	5	6	0	777.4222985
2009	5	6	3	765.6724818
2009	5	6	6	693.7473412
2009	5	6	9	662.7890408
2009	5	6	12	708.4807841
2009	5	6	15	850.0437796
2009	5	6	18	806.4442719
2009	5	6	21	760.6992767
2009	5	7	0	675.4882492
2009	5	7	3	606.5213639
2009	5	7	6	532.2437688
2009	5	7	9	450.8585624
2009	5	7	12	418.5486932
2009	5	7	15	439.9225581
2009	5	7	18	477.8825431
2009	5	7	21	501.723298
2009	5	8	0	466.212575
2009	5	8	3	385.5997982
2009	5	8	6	352.8478555
2009	5	8	9	351.2469835
2009	5	8	12	382.1306512
2009	5	8	15	470.8522932
2009	5	8	18	548.6979773
2009	5	8	21	612.485161
2009	5	9	0	593.3097279
2009	5	9	3	519.2404215
2009	5	9	6	512.7819959
2009	5	9	9	446.6149043
2009	5	9	12	453.3729305
2009	5	9	15	543.1956273
2009	5	9	18	572.7533644
2009	5	9	21	580.4418827
2009	5	10	0	544.054606
2009	5	10	3	460.9548717
2009	5	10	6	456.5886154
2009	5	10	9	444.0790826
2009	5	10	12	480.7498809
2009	5	10	15	638.0751879
2009	5	10	18	781.8404487
2009	5	10	21	851.3914432
2009	5	11	0	778.2602301
2009	5	11	3	651.0112673
2009	5	11	6	630.753818
2009	5	11	9	596.085154
2009	5	11	12	599.6015461
2009	5	11	15	637.1933997
2009	5	11	18	578.518693
2009	5	11	21	564.2918178
2009	5	12	0	537.0014095
2009	5	12	3	512.3047987
2009	5	12	6	473.1267634
2009	5	12	9	445.1146901
2009	5	12	12	400.5580818
2009	5	12	15	371.8709435
2009	5	12	18	421.2943187
2009	5	12	21	466.0513882
2009	5	13	0	408.5309972
2009	5	13	3	286.2622229
2009	5	13	6	288.2410948
2009	5	13	9	303.0279645
2009	5	13	12	366.6423387
2009	5	13	15	521.7913976
2009	5	13	18	638.6390212
2009	5	13	21	720.5207345
2009	5	14	0	694.8166082
2009	5	14	3	641.1454834
2009	5	14	6	707.7743665
2009	5	14	9	644.3830243
2009	5	14	12	654.8430853
2009	5	14	15	783.2359246
2009	5	14	18	772.143454
2009	5	14	21	759.9998396
2009	5	15	0	687.250221
2009	5	15	3	541.3743042
2009	5	15	6	489.3993661
2009	5	15	9	463.3433317
2009	5	15	12	520.6847995
2009	5	15	15	704.8489838
2009	5	15	18	756.3027323
2009	5	15	21	753.9179104
2009	5	16	0	633.1899826
2009	5	16	3	448.0834214
2009	5	16	6	412.3720588
2009	5	16	9	385.589388
2009	5	16	12	439.6051464
2009	5	16	15	629.2098853
2009	5	16	18	786.4175096
2009	5	16	21	921.5515254
2009	5	17	0	796.8313782
2009	5	17	3	434.0482878
2009	5	17	6	413.7374221
2009	5	17	9	397.3080763
2009	5	17	12	477.477292
2009	5	17	15	728.4377163
2009	5	17	18	905.6952176
2009	5	17	21	984.6192722
2009	5	18	0	891.442554
2009	5	18	3	660.004413
2009	5	18	6	599.3871673
2009	5	18	9	594.5862975
2009	5	18	12	665.9849682
2009	5	18	15	868.7712526
2009	5	18	18	926.8206697
2009	5	18	21	866.929395
2009	5	19	0	850.7330165
2009	5	19	3	788.6119791
2009	5	19	6	748.3129281
2009	5	19	9	754.8955867
2009	5	19	12	834.7625905
2009	5	19	15	969.9686412
2009	5	19	18	890.9732778
2009	5	19	21	870.5325539
2009	5	20	0	794.9159873
2009	5	20	3	649.5371602
2009	5	20	6	583.1901029
2009	5	20	9	535.2283955
2009	5	20	12	592.5781995
2009	5	20	15	797.7342436
2009	5	20	18	943.0485059
2009	5	20	21	1011.976132
2009	5	21	0	890.9005794
2009	5	21	3	670.3250036
2009	5	21	6	613.9628268
2009	5	21	9	576.9961561
2009	5	21	12	644.169757
2009	5	21	15	865.7369159
2009	5	21	18	958.03779
2009	5	21	21	952.1738385
2009	5	22	0	797.1875483
2009	5	22	3	540.5304927
2009	5	22	6	503.8684945
2009	5	22	9	508.3823225
2009	5	22	12	642.4721958
2009	5	22	15	939.8223391
2009	5	22	18	994.6405607
2009	5	22	21	986.3885202
2009	5	23	0	941.6470467
2009	5	23	3	864.0147591
2009	5	23	6	845.6423133
2009	5	23	9	910.6189077
2009	5	23	12	978.0962903
2009	5	23	15	1110.088149
2009	5	23	18	1113.74258
2009	5	23	21	1034.912804
2009	5	24	0	926.307466
2009	5	24	3	835.4965521
2009	5	24	6	844.5118853
2009	5	24	9	769.8524373
2009	5	24	12	810.9535964
2009	5	24	15	1011.761976
2009	5	24	18	1007.279327
2009	5	24	21	931.6360177
2009	5	25	0	800.8093784
2009	5	25	3	663.6830943
2009	5	25	6	624.7226208
2009	5	25	9	595.7274509
2009	5	25	12	701.9141389
2009	5	25	15	962.2334849
2009	5	25	18	954.8126334
2009	5	25	21	910.6218859
2009	5	26	0	809.4719216
2009	5	26	3	669.8252836
2009	5	26	6	622.2076779
2009	5	26	9	594.7697078
2009	5	26	12	664.9006986
2009	5	26	15	863.9718027
2009	5	26	18	868.1922364
2009	5	26	21	826.1540261
2009	5	27	0	698.0734781
2009	5	27	3	477.551586
2009	5	27	6	444.467474
2009	5	27	9	444.4241837
2009	5	27	12	577.0775362
2009	5	27	15	862.3407888
2009	5	27	18	913.0888169
2009	5	27	21	854.597295
2009	5	28	0	748.3295916
2009	5	28	3	580.8905984
2009	5	28	6	537.1549303
2009	5	28	9	521.321559
2009	5	28	12	614.6163428
2009	5	28	15	852.1137962
2009	5	28	18	915.9670625
2009	5	28	21	878.6780671
2009	5	29	0	801.7501611
2009	5	29	3	671.9903792
2009	5	29	6	647.3201029
2009	5	29	9	633.0646915
2009	5	29	12	716.2526237
2009	5	29	15	926.8056744
2009	5	29	18	957.8898134
2009	5	29	21	913.167345
2009	5	30	0	878.7300401
2009	5	30	3	801.8655755
2009	5	30	6	760.8513979
2009	5	30	9	735.4382004
2009	5	30	12	803.7596877
2009	5	30	15	1003.821225
2009	5	30	18	1003.277431
2009	5	30	21	921.318025
2009	5	31	0	889.3579226
2009	5	31	3	842.013792
2009	5	31	6	833.2012585
2009	5	31	9	784.442343
2009	5	31	12	840.0399473
2009	5	31	15	1043.732734
2009	5	31	18	1040.238224
2009	5	31	21	990.0896457
2009	6	1	0	948.6850451
2009	6	1	3	1002.440616
2009	6	1	6	1064.941849
2009	6	1	9	979.0262402
2009	6	1	12	1018.120658
2009	6	1	15	1148.273338
2009	6	1	18	1154.980176
2009	6	1	21	1119.779969
2009	6	2	0	1006.698957
2009	6	2	3	821.3492387
2009	6	2	6	740.5144021
2009	6	2	9	688.0600068
2009	6	2	12	754.7912541
2009	6	2	15	989.4864178
2009	6	2	18	1035.002547
2009	6	2	21	957.2615063
2009	6	3	0	816.4414965
2009	6	3	3	666.5174846
2009	6	3	6	638.9974071
2009	6	3	9	619.6349767
2009	6	3	12	663.764397
2009	6	3	15	830.4331155
2009	6	3	18	922.2379464
2009	6	3	21	904.10175
2009	6	4	0	745.6216209
2009	6	4	3	608.390958
2009	6	4	6	574.6944823
2009	6	4	9	578.5899622
2009	6	4	12	623.199483
2009	6	4	15	722.0300933
2009	6	4	18	772.7263038
2009	6	4	21	723.2705067
2009	6	5	0	619.861025
2009	6	5	3	549.2353932
2009	6	5	6	598.3011619
2009	6	5	9	649.676702
2009	6	5	12	695.0424573
2009	6	5	15	757.731986
2009	6	5	18	734.3914578
2009	6	5	21	729.6643006
2009	6	6	0	677.7826454
2009	6	6	3	655.6817345
2009	6	6	6	693.2365684
2009	6	6	9	735.2467337
2009	6	6	12	806.8754566
2009	6	6	15	852.2499154
2009	6	6	18	852.0479699
2009	6	6	21	841.7448222
2009	6	7	0	799.2193742
2009	6	7	3	799.6337704
2009	6	7	6	817.5998326
2009	6	7	9	790.3699213
2009	6	7	12	858.7181902
2009	6	7	15	987.5920487
2009	6	7	18	982.668558
2009	6	7	21	910.4471227
2009	6	8	0	851.6299367
2009	6	8	3	823.6132587
2009	6	8	6	823.7070003
2009	6	8	9	792.6843391
2009	6	8	12	839.6280446
2009	6	8	15	998.2130593
2009	6	8	18	980.5499552
2009	6	8	21	938.4868738
2009	6	9	0	880.3448553
2009	6	9	3	836.7212718
2009	6	9	6	833.1463072
2009	6	9	9	825.7261668
2009	6	9	12	873.0639741
2009	6	9	15	1009.908235
2009	6	9	18	1042.788031
2009	6	9	21	1025.372431
2009	6	10	0	967.482331
2009	6	10	3	944.1322984
2009	6	10	6	854.0447691
2009	6	10	9	819.5797022
2009	6	10	12	874.2489703
2009	6	10	15	1044.987816
2009	6	10	18	1067.864993
2009	6	10	21	1040.703815
2009	6	11	0	935.7866621
2009	6	11	3	853.0772104
2009	6	11	6	794.4825958
2009	6	11	9	723.6595808
2009	6	11	12	788.2899389
2009	6	11	15	999.0059042
2009	6	11	18	986.3446697
2009	6	11	21	945.3752491
2009	6	12	0	840.787769
2009	6	12	3	701.6724766
2009	6	12	6	706.2062189
2009	6	12	9	697.9770482
2009	6	12	12	815.8482464
2009	6	12	15	1071.332419
2009	6	12	18	1064.573846
2009	6	12	21	1007.136777
2009	6	13	0	980.5205487
2009	6	13	3	945.1755846
2009	6	13	6	911.1078032
2009	6	13	9	803.9411772
2009	6	13	12	849.6761189
2009	6	13	15	1074.813964
2009	6	13	18	1080.266365
2009	6	13	21	991.5462034
2009	6	14	0	959.8554277
2009	6	14	3	883.7830953
2009	6	14	6	751.128815
2009	6	14	9	713.6798613
2009	6	14	12	780.2556446
2009	6	14	15	935.3232325
2009	6	14	18	917.7723957
2009	6	14	21	916.5458905
2009	6	15	0	824.3935196
2009	6	15	3	695.0024365
2009	6	15	6	643.3328585
2009	6	15	9	632.559765
2009	6	15	12	738.9029575
2009	6	15	15	1017.285436
2009	6	15	18	1088.125169
2009	6	15	21	1035.864969
2009	6	16	0	926.2678992
2009	6	16	3	826.0523145
2009	6	16	6	836.4108952
2009	6	16	9	892.6472217
2009	6	16	12	972.7462204
2009	6	16	15	1110.537871
2009	6	16	18	1134.544188
2009	6	16	21	1084.675827
2009	6	17	0	1006.3417
2009	6	17	3	942.3125979
2009	6	17	6	955.425513
2009	6	17	9	927.2801064
2009	6	17	12	964.0675851
2009	6	17	15	1098.446536
2009	6	17	18	1043.836278
2009	6	17	21	892.6359074
2009	6	18	0	785.8960106
2009	6	18	3	660.3730698
2009	6	18	6	633.1516166
2009	6	18	9	617.564883
2009	6	18	12	674.8795461
2009	6	18	15	853.3161389
2009	6	18	18	940.9136961
2009	6	18	21	930.0219668
2009	6	19	0	855.8882934
2009	6	19	3	691.8408735
2009	6	19	6	667.2747022
2009	6	19	9	673.6354338
2009	6	19	12	713.7294041
2009	6	19	15	838.606775
2009	6	19	18	963.9435304
2009	6	19	21	1026.198178
2009	6	20	0	990.4231216
2009	6	20	3	861.8287959
2009	6	20	6	805.4197271
2009	6	20	9	772.6142966
2009	6	20	12	824.939039
2009	6	20	15	933.0135328
2009	6	20	18	903.7514475
2009	6	20	21	831.085969
2009	6	21	0	825.6158347
2009	6	21	3	813.993306
2009	6	21	6	808.7781117
2009	6	21	9	789.539087
2009	6	21	12	806.4511113
2009	6	21	15	874.9357566
2009	6	21	18	949.626486
2009	6	21	21	980.2217001
2009	6	22	0	914.8365347
2009	6	22	3	767.1202698
2009	6	22	6	686.0717519
2009	6	22	9	619.6571544
2009	6	22	12	707.899302
2009	6	22	15	1004.305798
2009	6	22	18	1143.950013
2009	6	22	21	1223.886459
2009	6	23	0	1111.375613
2009	6	23	3	821.3642194
2009	6	23	6	742.0491455
2009	6	23	9	696.1104645
2009	6	23	12	750.1822096
2009	6	23	15	1014.777594
2009	6	23	18	1179.324776
2009	6	23	21	1188.75531
2009	6	24	0	944.709159
2009	6	24	3	653.0549987
2009	6	24	6	593.1589432
2009	6	24	9	606.1003178
2009	6	24	12	693.979219
2009	6	24	15	836.0383595
2009	6	24	18	949.6571316
2009	6	24	21	991.816051
2009	6	25	0	1011.65558
2009	6	25	3	903.2807544
2009	6	25	6	888.6117342
2009	6	25	9	951.5023283
2009	6	25	12	1038.98338
2009	6	25	15	1171.953971
2009	6	25	18	1168.437564
2009	6	25	21	1054.996656
2009	6	26	0	963.6785403
2009	6	26	3	870.1771447
2009	6	26	6	779.9022407
2009	6	26	9	724.8228634
2009	6	26	12	827.9052534
2009	6	26	15	1087.599102
2009	6	26	18	1060.627266
2009	6	26	21	955.5862753
2009	6	27	0	790.6855222
2009	6	27	3	574.9679833
2009	6	27	6	515.3744239
2009	6	27	9	488.9259072
2009	6	27	12	512.2576479
2009	6	27	15	647.4702795
2009	6	27	18	739.6636147
2009	6	27	21	743.5177386
2009	6	28	0	639.0422023
2009	6	28	3	465.3198664
2009	6	28	6	453.3248736
2009	6	28	9	443.511128
2009	6	28	12	514.8641592
2009	6	28	15	739.415165
2009	6	28	18	863.0351026
2009	6	28	21	853.2753179
2009	6	29	0	735.2820756
2009	6	29	3	604.805098
2009	6	29	6	569.4692082
2009	6	29	9	546.5067119
2009	6	29	12	591.2244646
2009	6	29	15	767.2708072
2009	6	29	18	887.4153655
2009	6	29	21	910.0222406
2009	6	30	0	834.3718714
2009	6	30	3	720.3766607
2009	6	30	6	698.4792222
2009	6	30	9	648.6443557
2009	6	30	12	740.1508091
2009	6	30	15	961.0014825
2009	6	30	18	1075.91965
2009	6	30	21	1125.876941