Year	Month	Day	Hour	WindS (m/s)
2008	10	1	0	0.387661716
2008	10	1	3	0.856326465
2008	10	1	6	2.752075227
2008	10	1	9	3.556589936
2008	10	1	12	3.41230204
2008	10	1	15	3.178457044
2008	10	1	18	4.930816446
2008	10	1	21	5.219090084
2008	10	2	0	4.616176405
2008	10	2	3	3.948688426
2008	10	2	6	3.366575014
2008	10	2	9	1.522246122
2008	10	2	12	1.89458218
2008	10	2	15	3.384820188
2008	10	2	18	5.048082062
2008	10	2	21	5.755770282
2008	10	3	0	5.251372426
2008	10	3	3	3.729130416
2008	10	3	6	4.908840241
2008	10	3	9	6.709913368
2008	10	3	12	6.545908778
2008	10	3	15	5.760124269
2008	10	3	18	5.468960622
2008	10	3	21	5.512885718
2008	10	4	0	3.520502148
2008	10	4	3	2.499854281
2008	10	4	6	2.685313523
2008	10	4	9	2.84584958
2008	10	4	12	1.299831686
2008	10	4	15	1.497751444
2008	10	4	18	2.363419363
2008	10	4	21	4.783049742
2008	10	5	0	4.535156503
2008	10	5	3	2.803346925
2008	10	5	6	2.72728377
2008	10	5	9	2.758588415
2008	10	5	12	2.451681578
2008	10	5	15	2.626788247
2008	10	5	18	3.833689176
2008	10	5	21	3.431078942
2008	10	6	0	1.989692039
2008	10	6	3	1.79858301
2008	10	6	6	2.884139493
2008	10	6	9	3.682472703
2008	10	6	12	3.79838816
2008	10	6	15	4.329182915
2008	10	6	18	5.544163347
2008	10	6	21	5.899224432
2008	10	7	0	4.602922235
2008	10	7	3	3.565415046
2008	10	7	6	3.50686746
2008	10	7	9	3.007474747
2008	10	7	12	1.63111895
2008	10	7	15	2.497979248
2008	10	7	18	5.814375116
2008	10	7	21	6.360565404
2008	10	8	0	3.369302241
2008	10	8	3	2.523885101
2008	10	8	6	3.734890674
2008	10	8	9	4.08121095
2008	10	8	12	4.597247067
2008	10	8	15	6.704243916
2008	10	8	18	9.225994076
2008	10	8	21	8.698585276
2008	10	9	0	6.244462661
2008	10	9	3	3.2766742
2008	10	9	6	2.2430018
2008	10	9	9	2.611581533
2008	10	9	12	2.675231235
2008	10	9	15	2.867467575
2008	10	9	18	2.096236137
2008	10	9	21	3.071340676
2008	10	10	0	5.07699534
2008	10	10	3	6.634105085
2008	10	10	6	5.342124811
2008	10	10	9	2.947644114
2008	10	10	12	3.115728167
2008	10	10	15	2.558705587
2008	10	10	18	2.552487675
2008	10	10	21	5.160391152
2008	10	11	0	4.157712248
2008	10	11	3	3.337869062
2008	10	11	6	4.641873514
2008	10	11	9	4.99281928
2008	10	11	12	5.171833321
2008	10	11	15	5.435765536
2008	10	11	18	5.00739458
2008	10	11	21	4.782605022
2008	10	12	0	3.712612771
2008	10	12	3	2.400495701
2008	10	12	6	2.363981263
2008	10	12	9	2.008996934
2008	10	12	12	1.570467368
2008	10	12	15	1.643687696
2008	10	12	18	1.282960738
2008	10	12	21	1.680816827
2008	10	13	0	2.694189453
2008	10	13	3	3.36527821
2008	10	13	6	3.570994953
2008	10	13	9	3.25927516
2008	10	13	12	2.115451488
2008	10	13	15	0.611146388
2008	10	13	18	1.418083431
2008	10	13	21	1.163157283
2008	10	14	0	1.055297177
2008	10	14	3	1.898238624
2008	10	14	6	2.446156162
2008	10	14	9	2.730224618
2008	10	14	12	2.627368309
2008	10	14	15	2.482441914
2008	10	14	18	2.280411375
2008	10	14	21	2.519275119
2008	10	15	0	3.488982337
2008	10	15	3	4.067155355
2008	10	15	6	3.792219861
2008	10	15	9	3.929231113
2008	10	15	12	3.667342839
2008	10	15	15	3.018358468
2008	10	15	18	2.70334325
2008	10	15	21	2.716721457
2008	10	16	0	2.61660613
2008	10	16	3	2.053825629
2008	10	16	6	2.853348624
2008	10	16	9	3.144360113
2008	10	16	12	3.415248577
2008	10	16	15	2.79219731
2008	10	16	18	2.642255371
2008	10	16	21	2.624915713
2008	10	17	0	3.367216738
2008	10	17	3	3.963915248
2008	10	17	6	4.269711106
2008	10	17	9	4.519669577
2008	10	17	12	4.369159337
2008	10	17	15	3.915298729
2008	10	17	18	3.393643805
2008	10	17	21	3.115410156
2008	10	18	0	3.851859254
2008	10	18	3	4.487203464
2008	10	18	6	4.048314546
2008	10	18	9	3.648661301
2008	10	18	12	3.033462648
2008	10	18	15	2.045538111
2008	10	18	18	2.28215869
2008	10	18	21	2.385998713
2008	10	19	0	3.414796975
2008	10	19	3	3.64734995
2008	10	19	6	3.531208316
2008	10	19	9	3.773818718
2008	10	19	12	3.464278799
2008	10	19	15	3.236806625
2008	10	19	18	2.632209379
2008	10	19	21	2.565360535
2008	10	20	0	3.804467668
2008	10	20	3	4.447988138
2008	10	20	6	4.663064023
2008	10	20	9	4.882164479
2008	10	20	12	4.335062431
2008	10	20	15	4.953923249
2008	10	20	18	7.268635351
2008	10	20	21	7.323852782
2008	10	21	0	5.527140061
2008	10	21	3	4.219774317
2008	10	21	6	4.117067561
2008	10	21	9	4.050098803
2008	10	21	12	3.550411501
2008	10	21	15	1.898896767
2008	10	21	18	1.154448663
2008	10	21	21	1.357746485
2008	10	22	0	1.142358941
2008	10	22	3	1.722397569
2008	10	22	6	2.239470645
2008	10	22	9	1.883151916
2008	10	22	12	1.23231623
2008	10	22	15	1.117411355
2008	10	22	18	2.727094947
2008	10	22	21	3.057540145
2008	10	23	0	2.843946454
2008	10	23	3	3.634799134
2008	10	23	6	4.095872165
2008	10	23	9	3.816841885
2008	10	23	12	3.215563502
2008	10	23	15	1.943410832
2008	10	23	18	1.773854625
2008	10	23	21	2.715750872
2008	10	24	0	2.895627776
2008	10	24	3	3.375971755
2008	10	24	6	3.827172524
2008	10	24	9	4.043922402
2008	10	24	12	4.011093714
2008	10	24	15	4.044615913
2008	10	24	18	4.564966411
2008	10	24	21	4.647361517
2008	10	25	0	3.970186166
2008	10	25	3	3.424177621
2008	10	25	6	1.874118781
2008	10	25	9	2.371257899
2008	10	25	12	2.643290145
2008	10	25	15	3.03258388
2008	10	25	18	2.883824818
2008	10	25	21	2.206753192
2008	10	26	0	3.669049769
2008	10	26	3	4.180817747
2008	10	26	6	3.67123641
2008	10	26	9	3.650330538
2008	10	26	12	3.791048635
2008	10	26	15	3.191665782
2008	10	26	18	2.613749456
2008	10	26	21	2.94038585
2008	10	27	0	3.60700832
2008	10	27	3	3.841550292
2008	10	27	6	4.028097075
2008	10	27	9	3.664777014
2008	10	27	12	3.653790917
2008	10	27	15	2.894318065
2008	10	27	18	2.012768108
2008	10	27	21	2.337491865
2008	10	28	0	3.546432987
2008	10	28	3	4.009457116
2008	10	28	6	4.255215165
2008	10	28	9	4.360790355
2008	10	28	12	4.479302934
2008	10	28	15	3.764399369
2008	10	28	18	2.526488528
2008	10	28	21	2.22364827
2008	10	29	0	3.210592081
2008	10	29	3	3.042430926
2008	10	29	6	3.563113019
2008	10	29	9	4.000307949
2008	10	29	12	3.957058784
2008	10	29	15	3.48592198
2008	10	29	18	3.305732347
2008	10	29	21	3.79411168
2008	10	30	0	3.742226389
2008	10	30	3	4.086108684
2008	10	30	6	4.521860097
2008	10	30	9	4.483463464
2008	10	30	12	4.212193314
2008	10	30	15	4.326060721
2008	10	30	18	4.719492235
2008	10	30	21	4.281508519
2008	10	31	0	3.587596506
2008	10	31	3	3.563055516
2008	10	31	6	3.494229822
2008	10	31	9	3.709068377
2008	10	31	12	3.70210961
2008	10	31	15	3.732068643
2008	10	31	18	4.292081567
2008	10	31	21	4.136634552
2008	11	1	0	4.040431885
2008	11	1	3	4.469842051
2008	11	1	6	4.878515728
2008	11	1	9	5.974853493
2008	11	1	12	6.75598807
2008	11	1	15	7.16859958
2008	11	1	18	7.54302927
2008	11	1	21	5.188983576
2008	11	2	0	3.637329248
2008	11	2	3	3.387683181
2008	11	2	6	3.328250108
2008	11	2	9	3.439897298
2008	11	2	12	2.6160291
2008	11	2	15	2.539398284
2008	11	2	18	3.580892418
2008	11	2	21	3.600790091
2008	11	3	0	3.1194747
2008	11	3	3	3.770588503
2008	11	3	6	4.379515096
2008	11	3	9	5.711978334
2008	11	3	12	7.272561887
2008	11	3	15	7.420727293
2008	11	3	18	8.94701774
2008	11	3	21	7.182679703
2008	11	4	0	5.485096314
2008	11	4	3	5.022362375
2008	11	4	6	3.743271696
2008	11	4	9	2.987832854
2008	11	4	12	3.663377755
2008	11	4	15	5.263755229
2008	11	4	18	5.650404937
2008	11	4	21	4.734065639
2008	11	5	0	2.854361828
2008	11	5	3	3.072037297
2008	11	5	6	2.647701819
2008	11	5	9	1.888664578
2008	11	5	12	1.679990529
2008	11	5	15	0.860585042
2008	11	5	18	2.206991966
2008	11	5	21	2.323856187
2008	11	6	0	2.336446906
2008	11	6	3	1.436576867
2008	11	6	6	1.984078185
2008	11	6	9	2.917705663
2008	11	6	12	3.058360729
2008	11	6	15	3.596188091
2008	11	6	18	3.284866901
2008	11	6	21	3.137213938
2008	11	7	0	2.517556773
2008	11	7	3	2.74433457
2008	11	7	6	2.917023699
2008	11	7	9	3.216567761
2008	11	7	12	3.028149726
2008	11	7	15	2.703523363
2008	11	7	18	2.82459674
2008	11	7	21	2.882071538
2008	11	8	0	3.132877604
2008	11	8	3	3.005038378
2008	11	8	6	3.952686936
2008	11	8	9	3.941729353
2008	11	8	12	3.68931682
2008	11	8	15	3.493267823
2008	11	8	18	3.820405865
2008	11	8	21	2.732421847
2008	11	9	0	2.218958716
2008	11	9	3	1.857430936
2008	11	9	6	0.979662495
2008	11	9	9	1.531208487
2008	11	9	12	2.737247768
2008	11	9	15	4.056573715
2008	11	9	18	4.642312294
2008	11	9	21	5.22486062
2008	11	10	0	3.268708517
2008	11	10	3	2.562863005
2008	11	10	6	2.422349857
2008	11	10	9	2.270573108
2008	11	10	12	2.288109337
2008	11	10	15	2.468865667
2008	11	10	18	4.406334349
2008	11	10	21	5.333194398
2008	11	11	0	3.099236185
2008	11	11	3	3.709836133
2008	11	11	6	4.295224856
2008	11	11	9	3.284360998
2008	11	11	12	3.122576932
2008	11	11	15	4.707773064
2008	11	11	18	4.901091738
2008	11	11	21	5.219216791
2008	11	12	0	4.460520501
2008	11	12	3	5.539274414
2008	11	12	6	6.717895236
2008	11	12	9	6.98807532
2008	11	12	12	7.686110168
2008	11	12	15	7.475671036
2008	11	12	18	8.048255371
2008	11	12	21	8.047648169
2008	11	13	0	7.826406536
2008	11	13	3	6.315374386
2008	11	13	6	4.363638641
2008	11	13	9	3.768016455
2008	11	13	12	3.247271293
2008	11	13	15	3.446032876
2008	11	13	18	4.5415383
2008	11	13	21	3.838029014
2008	11	14	0	2.513407998
2008	11	14	3	2.703643423
2008	11	14	6	1.726449926
2008	11	14	9	1.617858449
2008	11	14	12	2.129114332
2008	11	14	15	1.966253297
2008	11	14	18	0.963081598
2008	11	14	21	0.556514117
2008	11	15	0	0.741467314
2008	11	15	3	1.164538058
2008	11	15	6	2.302964317
2008	11	15	9	3.136091452
2008	11	15	12	3.261563048
2008	11	15	15	3.570641611
2008	11	15	18	4.036519574
2008	11	15	21	3.65972646
2008	11	16	0	3.726144022
2008	11	16	3	3.556882646
2008	11	16	6	3.727097241
2008	11	16	9	3.791855681
2008	11	16	12	3.463963846
2008	11	16	15	3.194824582
2008	11	16	18	2.51677873
2008	11	16	21	2.60105362
2008	11	17	0	3.387827488
2008	11	17	3	2.892702079
2008	11	17	6	3.311602874
2008	11	17	9	4.117517355
2008	11	17	12	4.185003597
2008	11	17	15	3.829736015
2008	11	17	18	2.999030873
2008	11	17	21	3.065572681
2008	11	18	0	3.98291729
2008	11	18	3	4.01520049
2008	11	18	6	4.201369499
2008	11	18	9	4.000438499
2008	11	18	12	3.887696741
2008	11	18	15	3.6090791
2008	11	18	18	2.859308122
2008	11	18	21	1.786754955
2008	11	19	0	1.858245532
2008	11	19	3	1.932521079
2008	11	19	6	2.681910909
2008	11	19	9	2.786996414
2008	11	19	12	3.693347472
2008	11	19	15	3.762180279
2008	11	19	18	4.327961402
2008	11	19	21	3.813648682
2008	11	20	0	3.823838748
2008	11	20	3	4.684701996
2008	11	20	6	4.83990335
2008	11	20	9	4.208088151
2008	11	20	12	2.942226755
2008	11	20	15	1.769083606
2008	11	20	18	1.540954574
2008	11	20	21	2.365695903
2008	11	21	0	1.664569396
2008	11	21	3	2.00188165
2008	11	21	6	3.311786082
2008	11	21	9	3.389443741
2008	11	21	12	3.423580032
2008	11	21	15	3.523712141
2008	11	21	18	3.81779884
2008	11	21	21	3.792499194
2008	11	22	0	3.809329167
2008	11	22	3	4.106495344
2008	11	22	6	3.545048284
2008	11	22	9	3.105178205
2008	11	22	12	2.748702442
2008	11	22	15	2.274427502
2008	11	22	18	0.826213261
2008	11	22	21	1.554606725
2008	11	23	0	1.998408095
2008	11	23	3	2.006922089
2008	11	23	6	2.212673232
2008	11	23	9	2.261042671
2008	11	23	12	2.844451863
2008	11	23	15	3.076722669
2008	11	23	18	2.686920006
2008	11	23	21	2.793008755
2008	11	24	0	3.272279538
2008	11	24	3	3.713762704
2008	11	24	6	3.717331524
2008	11	24	9	3.879839587
2008	11	24	12	3.700859559
2008	11	24	15	3.031998711
2008	11	24	18	2.387426311
2008	11	24	21	2.782344156
2008	11	25	0	3.173696907
2008	11	25	3	3.773797616
2008	11	25	6	3.723732426
2008	11	25	9	3.568843677
2008	11	25	12	2.991051859
2008	11	25	15	2.000008212
2008	11	25	18	1.336026581
2008	11	25	21	1.625838171
2008	11	26	0	3.317710453
2008	11	26	3	3.222228007
2008	11	26	6	3.136434687
2008	11	26	9	2.734289612
2008	11	26	12	1.337236926
2008	11	26	15	2.088740931
2008	11	26	18	2.21067106
2008	11	26	21	2.788461743
2008	11	27	0	2.632685796
2008	11	27	3	2.39183939
2008	11	27	6	1.606708536
2008	11	27	9	2.220116989
2008	11	27	12	2.43818371
2008	11	27	15	3.48997753
2008	11	27	18	4.584019977
2008	11	27	21	4.203824356
2008	11	28	0	2.942411361
2008	11	28	3	2.840095081
2008	11	28	6	2.440357543
2008	11	28	9	2.513552196
2008	11	28	12	2.748808639
2008	11	28	15	4.080577596
2008	11	28	18	4.226098626
2008	11	28	21	3.362877953
2008	11	29	0	3.374685113
2008	11	29	3	3.461834372
2008	11	29	6	4.094979469
2008	11	29	9	4.841379585
2008	11	29	12	5.347873643
2008	11	29	15	5.505197442
2008	11	29	18	4.857350909
2008	11	29	21	3.395080416
2008	11	30	0	1.833030506
2008	11	30	3	2.372413703
2008	11	30	6	3.070668412
2008	11	30	9	3.547421831
2008	11	30	12	3.813083877
2008	11	30	15	4.397672766
2008	11	30	18	5.595682816
2008	11	30	21	5.404886773
2008	12	1	0	4.776100802
2008	12	1	3	5.080570911
2008	12	1	6	5.194023193
2008	12	1	9	5.405669972
2008	12	1	12	5.835216718
2008	12	1	15	7.848725415
2008	12	1	18	8.919291614
2008	12	1	21	8.330413106
2008	12	2	0	6.324889486
2008	12	2	3	5.468199839
2008	12	2	6	4.103121621
2008	12	2	9	3.623967968
2008	12	2	12	3.97410766
2008	12	2	15	3.465752603
2008	12	2	18	4.751868616
2008	12	2	21	4.607926461
2008	12	3	0	2.85942729
2008	12	3	3	2.713962759
2008	12	3	6	2.373428408
2008	12	3	9	1.905325095
2008	12	3	12	1.827415001
2008	12	3	15	2.4109797
2008	12	3	18	2.935431169
2008	12	3	21	2.559779092
2008	12	4	0	2.731683468
2008	12	4	3	1.732613507
2008	12	4	6	1.084551267
2008	12	4	9	2.52706764
2008	12	4	12	2.37775262
2008	12	4	15	3.044329768
2008	12	4	18	3.386841178
2008	12	4	21	2.817095281
2008	12	5	0	2.301851636
2008	12	5	3	2.318019191
2008	12	5	6	3.099087486
2008	12	5	9	3.030197032
2008	12	5	12	3.362380245
2008	12	5	15	3.155904279
2008	12	5	18	2.80692872
2008	12	5	21	2.692915138
2008	12	6	0	2.848971616
2008	12	6	3	3.049950562
2008	12	6	6	3.530273998
2008	12	6	9	3.909399418
2008	12	6	12	3.897771103
2008	12	6	15	4.315997548
2008	12	6	18	4.271505584
2008	12	6	21	3.785074367
2008	12	7	0	3.896054066
2008	12	7	3	3.578804586
2008	12	7	6	4.007555632
2008	12	7	9	4.172946506
2008	12	7	12	3.732691114
2008	12	7	15	3.781840388
2008	12	7	18	4.964672259
2008	12	7	21	5.184803221
2008	12	8	0	5.374896771
2008	12	8	3	5.972607317
2008	12	8	6	5.768598429
2008	12	8	9	4.838221075
2008	12	8	12	4.062898446
2008	12	8	15	2.363692201
2008	12	8	18	1.927864617
2008	12	8	21	2.424477973
2008	12	9	0	1.593324357
2008	12	9	3	2.265628227
2008	12	9	6	2.790955559
2008	12	9	9	2.676780881
2008	12	9	12	2.624505115
2008	12	9	15	2.122852173
2008	12	9	18	2.249372699
2008	12	9	21	2.595277349
2008	12	10	0	2.349700247
2008	12	10	3	2.666069033
2008	12	10	6	2.878719373
2008	12	10	9	2.243438955
2008	12	10	12	1.554937254
2008	12	10	15	1.939470941
2008	12	10	18	1.088494042
2008	12	10	21	0.821671548
2008	12	11	0	2.471011577
2008	12	11	3	2.39519355
2008	12	11	6	2.207821541
2008	12	11	9	1.934727545
2008	12	11	12	2.587143118
2008	12	11	15	2.894284496
2008	12	11	18	3.737837693
2008	12	11	21	4.369994472
2008	12	12	0	4.494744223
2008	12	12	3	5.662839065
2008	12	12	6	8.844212925
2008	12	12	9	10.5784743
2008	12	12	12	10.35347406
2008	12	12	15	9.305935634
2008	12	12	18	8.624593727
2008	12	12	21	6.679448352
2008	12	13	0	3.733232791
2008	12	13	3	2.909328253
2008	12	13	6	3.027205748
2008	12	13	9	3.257130767
2008	12	13	12	3.670262792
2008	12	13	15	4.8321096
2008	12	13	18	6.111883927
2008	12	13	21	6.329986575
2008	12	14	0	4.68459667
2008	12	14	3	4.509306035
2008	12	14	6	5.216206573
2008	12	14	9	4.134694725
2008	12	14	12	4.057451816
2008	12	14	15	4.457782343
2008	12	14	18	6.14760915
2008	12	14	21	5.770026371
2008	12	15	0	3.542993296
2008	12	15	3	3.465724565
2008	12	15	6	3.951295392
2008	12	15	9	2.428063176
2008	12	15	12	2.626997062
2008	12	15	15	4.298190063
2008	12	15	18	5.988880236
2008	12	15	21	4.631850771
2008	12	16	0	2.879770245
2008	12	16	3	3.273268007
2008	12	16	6	3.020058023
2008	12	16	9	3.502571764
2008	12	16	12	3.314648612
2008	12	16	15	3.606313893
2008	12	16	18	4.795852484
2008	12	16	21	4.745057219
2008	12	17	0	2.962781249
2008	12	17	3	1.647710563
2008	12	17	6	1.512476263
2008	12	17	9	2.40287101
2008	12	17	12	1.405327826
2008	12	17	15	1.271260902
2008	12	17	18	4.604019987
2008	12	17	21	6.304995497
2008	12	18	0	6.475596866
2008	12	18	3	7.078581365
2008	12	18	6	7.975105702
2008	12	18	9	8.459416787
2008	12	18	12	9.415576548
2008	12	18	15	9.724098388
2008	12	18	18	12.38751566
2008	12	18	21	10.42825626
2008	12	19	0	8.19495328
2008	12	19	3	6.949010275
2008	12	19	6	6.67431871
2008	12	19	9	5.982920133
2008	12	19	12	6.632633635
2008	12	19	15	7.228493301
2008	12	19	18	8.722591284
2008	12	19	21	8.220521142
2008	12	20	0	6.648450912
2008	12	20	3	4.395028118
2008	12	20	6	3.073958235
2008	12	20	9	3.337366263
2008	12	20	12	3.434569158
2008	12	20	15	4.783195004
2008	12	20	18	6.404814423
2008	12	20	21	6.126998845
2008	12	21	0	5.784451237
2008	12	21	3	5.934147964
2008	12	21	6	6.691363605
2008	12	21	9	7.871499477
2008	12	21	12	8.305211368
2008	12	21	15	8.813058469
2008	12	21	18	8.970305552
2008	12	21	21	6.957867629
2008	12	22	0	4.120311288
2008	12	22	3	3.247838739
2008	12	22	6	3.005014939
2008	12	22	9	3.942013341
2008	12	22	12	3.526900717
2008	12	22	15	3.973925247
2008	12	22	18	4.911147044
2008	12	22	21	4.473265289
2008	12	23	0	3.484297968
2008	12	23	3	4.026980199
2008	12	23	6	4.23530997
2008	12	23	9	4.081867863
2008	12	23	12	4.179323232
2008	12	23	15	5.564749711
2008	12	23	18	7.859632424
2008	12	23	21	6.780474273
2008	12	24	0	7.259389717
2008	12	24	3	8.346655141
2008	12	24	6	9.785707627
2008	12	24	9	10.33723038
2008	12	24	12	10.50626569
2008	12	24	15	9.591121936
2008	12	24	18	9.603718106
2008	12	24	21	9.446062556
2008	12	25	0	8.902436859
2008	12	25	3	8.559120394
2008	12	25	6	5.980064284
2008	12	25	9	5.911942183
2008	12	25	12	4.915309215
2008	12	25	15	5.128714788
2008	12	25	18	5.065931005
2008	12	25	21	3.933539804
2008	12	26	0	2.904549622
2008	12	26	3	2.907836816
2008	12	26	6	2.898100699
2008	12	26	9	2.962411037
2008	12	26	12	3.462701557
2008	12	26	15	4.700964248
2008	12	26	18	6.291914189
2008	12	26	21	7.222095788
2008	12	27	0	7.148966284
2008	12	27	3	6.304120878
2008	12	27	6	6.275306254
2008	12	27	9	6.273191467
2008	12	27	12	6.267274328
2008	12	27	15	6.36603827
2008	12	27	18	7.229884373
2008	12	27	21	7.301696529
2008	12	28	0	6.957948028
2008	12	28	3	5.458399985
2008	12	28	6	4.781332409
2008	12	28	9	4.364116251
2008	12	28	12	4.3899188
2008	12	28	15	5.401932942
2008	12	28	18	7.387658157
2008	12	28	21	7.002446031
2008	12	29	0	6.153628599
2008	12	29	3	5.95153805
2008	12	29	6	6.149954521
2008	12	29	9	4.694199634
2008	12	29	12	3.977093384
2008	12	29	15	3.108206208
2008	12	29	18	2.684261968
2008	12	29	21	3.381512938
2008	12	30	0	3.851085229
2008	12	30	3	3.922954081
2008	12	30	6	4.037732183
2008	12	30	9	4.392525353
2008	12	30	12	4.766357167
2008	12	30	15	4.860188477
2008	12	30	18	5.049253312
2008	12	30	21	4.876584468
2008	12	31	0	4.467752098
2008	12	31	3	4.858241634
2008	12	31	6	5.427946739
2008	12	31	9	5.308912357
2008	12	31	12	4.774442515
2008	12	31	15	6.493933884
2008	12	31	18	8.670452516
2008	12	31	21	9.220237215
2009	1	1	0	9.055483138
2009	1	1	3	8.023738991
2009	1	1	6	7.589357131
2009	1	1	9	7.172050688
2009	1	1	12	8.031159653
2009	1	1	15	9.501905803
2009	1	1	18	9.750224103
2009	1	1	21	8.608916404
2009	1	2	0	8.265007762
2009	1	2	3	5.413366237
2009	1	2	6	3.734164358
2009	1	2	9	3.421705503
2009	1	2	12	3.645467421
2009	1	2	15	3.683522911
2009	1	2	18	4.578034255
2009	1	2	21	3.593378899
2009	1	3	0	2.704877218
2009	1	3	3	3.194847994
2009	1	3	6	2.048150069
2009	1	3	9	2.997658864
2009	1	3	12	3.785221436
2009	1	3	15	3.323644174
2009	1	3	18	1.769763576
2009	1	3	21	1.363898562
2009	1	4	0	1.715446391
2009	1	4	3	2.858188486
2009	1	4	6	3.910681066
2009	1	4	9	4.202487813
2009	1	4	12	4.561626591
2009	1	4	15	5.988117301
2009	1	4	18	8.646615682
2009	1	4	21	7.541885713
2009	1	5	0	5.66395677
2009	1	5	3	3.716261503
2009	1	5	6	3.155769656
2009	1	5	9	2.872024882
2009	1	5	12	3.75949817
2009	1	5	15	4.233037351
2009	1	5	18	6.116203968
2009	1	5	21	6.92476225
2009	1	6	0	6.849961585
2009	1	6	3	6.812373818
2009	1	6	6	7.639729177
2009	1	6	9	8.002265435
2009	1	6	12	7.312175674
2009	1	6	15	7.489463289
2009	1	6	18	7.839518997
2009	1	6	21	6.859424117
2009	1	7	0	5.274115835
2009	1	7	3	4.627525307
2009	1	7	6	5.57272371
2009	1	7	9	5.931143009
2009	1	7	12	6.045785099
2009	1	7	15	5.811573679
2009	1	7	18	6.565703917
2009	1	7	21	7.217304854
2009	1	8	0	7.420831563
2009	1	8	3	5.443035218
2009	1	8	6	4.427913979
2009	1	8	9	3.711531989
2009	1	8	12	3.263798537
2009	1	8	15	3.956611036
2009	1	8	18	4.296227874
2009	1	8	21	3.063892487
2009	1	9	0	3.051975067
2009	1	9	3	3.267360224
2009	1	9	6	1.938379213
2009	1	9	9	3.477979695
2009	1	9	12	3.324817032
2009	1	9	15	3.816692587
2009	1	9	18	4.323684956
2009	1	9	21	3.933727581
2009	1	10	0	3.014473234
2009	1	10	3	3.732639105
2009	1	10	6	4.00464881
2009	1	10	9	4.518624754
2009	1	10	12	4.174937552
2009	1	10	15	4.424677575
2009	1	10	18	5.185201946
2009	1	10	21	4.409264888
2009	1	11	0	4.06472318
2009	1	11	3	4.527718505
2009	1	11	6	5.965714907
2009	1	11	9	4.979659651
2009	1	11	12	3.939869562
2009	1	11	15	3.324815908
2009	1	11	18	3.715325128
2009	1	11	21	2.923039249
2009	1	12	0	2.226563647
2009	1	12	3	2.515898519
2009	1	12	6	2.939347884
2009	1	12	9	3.493943303
2009	1	12	12	3.849346762
2009	1	12	15	4.642073383
2009	1	12	18	5.110473763
2009	1	12	21	4.298330158
2009	1	13	0	3.365684892
2009	1	13	3	3.711358298
2009	1	13	6	3.654501562
2009	1	13	9	3.63182787
2009	1	13	12	3.48121231
2009	1	13	15	2.809441868
2009	1	13	18	2.595558732
2009	1	13	21	2.557344924
2009	1	14	0	2.497113771
2009	1	14	3	1.642075865
2009	1	14	6	1.545731718
2009	1	14	9	0.857893879
2009	1	14	12	2.350950115
2009	1	14	15	2.348290502
2009	1	14	18	1.757491812
2009	1	14	21	1.721407967
2009	1	15	0	2.553542479
2009	1	15	3	3.438686165
2009	1	15	6	2.184893055
2009	1	15	9	2.033608887
2009	1	15	12	1.743212211
2009	1	15	15	1.521092132
2009	1	15	18	0.499397696
2009	1	15	21	1.547296134
2009	1	16	0	2.007503189
2009	1	16	3	0.722567028
2009	1	16	6	1.018371348
2009	1	16	9	1.592917758
2009	1	16	12	1.326300629
2009	1	16	15	3.049525175
2009	1	16	18	2.158865151
2009	1	16	21	2.237161904
2009	1	17	0	3.076200378
2009	1	17	3	3.899277362
2009	1	17	6	3.258162599
2009	1	17	9	2.317996976
2009	1	17	12	1.285218208
2009	1	17	15	1.830902945
2009	1	17	18	0.690583516
2009	1	17	21	1.393237813
2009	1	18	0	2.661638684
2009	1	18	3	3.952601185
2009	1	18	6	3.19367385
2009	1	18	9	2.942478916
2009	1	18	12	2.913136197
2009	1	18	15	2.504875464
2009	1	18	18	1.698223111
2009	1	18	21	1.149657608
2009	1	19	0	2.385505571
2009	1	19	3	3.766688526
2009	1	19	6	3.578498914
2009	1	19	9	3.270592396
2009	1	19	12	2.713505503
2009	1	19	15	2.977797624
2009	1	19	18	2.774660491
2009	1	19	21	2.944572065
2009	1	20	0	2.610636324
2009	1	20	3	3.467282722
2009	1	20	6	3.948120031
2009	1	20	9	3.879951695
2009	1	20	12	3.998005172
2009	1	20	15	3.659984496
2009	1	20	18	2.783275155
2009	1	20	21	2.942361064
2009	1	21	0	3.723051829
2009	1	21	3	3.938242989
2009	1	21	6	3.984878085
2009	1	21	9	3.908830057
2009	1	21	12	3.927920947
2009	1	21	15	3.493480408
2009	1	21	18	3.623752732
2009	1	21	21	4.239958168
2009	1	22	0	4.368191288
2009	1	22	3	5.355380936
2009	1	22	6	4.702565377
2009	1	22	9	3.475863971
2009	1	22	12	3.473450677
2009	1	22	15	3.897676951
2009	1	22	18	3.23739899
2009	1	22	21	2.240214149
2009	1	23	0	1.827310342
2009	1	23	3	2.512543492
2009	1	23	6	2.96338724
2009	1	23	9	3.43142427
2009	1	23	12	5.207215912
2009	1	23	15	6.895003873
2009	1	23	18	7.525875998
2009	1	23	21	7.692581538
2009	1	24	0	6.000862532
2009	1	24	3	4.01329823
2009	1	24	6	3.146510909
2009	1	24	9	2.782044187
2009	1	24	12	2.122596312
2009	1	24	15	3.145865053
2009	1	24	18	5.213557771
2009	1	24	21	5.125843145
2009	1	25	0	3.480758201
2009	1	25	3	3.386284965
2009	1	25	6	3.588162092
2009	1	25	9	3.278475083
2009	1	25	12	2.533154118
2009	1	25	15	1.5313154
2009	1	25	18	3.141760868
2009	1	25	21	3.399874282
2009	1	26	0	3.295993199
2009	1	26	3	3.244227155
2009	1	26	6	2.751353286
2009	1	26	9	2.413066476
2009	1	26	12	2.327065988
2009	1	26	15	2.764888036
2009	1	26	18	4.559290532
2009	1	26	21	5.93403064
2009	1	27	0	6.332254517
2009	1	27	3	6.801007661
2009	1	27	6	6.760271386
2009	1	27	9	6.817130027
2009	1	27	12	6.590793778
2009	1	27	15	6.533559195
2009	1	27	18	6.64318746
2009	1	27	21	5.902194708
2009	1	28	0	4.94037872
2009	1	28	3	4.565827323
2009	1	28	6	4.155610925
2009	1	28	9	2.814102569
2009	1	28	12	2.889458826
2009	1	28	15	2.931138855
2009	1	28	18	3.364304592
2009	1	28	21	3.482477511
2009	1	29	0	1.793956735
2009	1	29	3	1.524920431
2009	1	29	6	2.045585019
2009	1	29	9	2.014743245
2009	1	29	12	0.803179364
2009	1	29	15	0.710815348
2009	1	29	18	1.544162368
2009	1	29	21	1.729133275
2009	1	30	0	0.959091421
2009	1	30	3	1.170723538
2009	1	30	6	2.60828635
2009	1	30	9	3.88160515
2009	1	30	12	3.896982307
2009	1	30	15	3.739223743
2009	1	30	18	3.864665786
2009	1	30	21	3.979307434
2009	1	31	0	2.653014733
2009	1	31	3	2.491022095
2009	1	31	6	2.437380215
2009	1	31	9	2.501866552
2009	1	31	12	2.453869775
2009	1	31	15	1.581903033
2009	1	31	18	1.450757293
2009	1	31	21	4.322749653
2009	2	1	0	3.768240168
2009	2	1	3	2.721924953
2009	2	1	6	4.180451457
2009	2	1	9	3.730424078
2009	2	1	12	3.126729395
2009	2	1	15	2.920220396
2009	2	1	18	3.393667955
2009	2	1	21	3.839303775
2009	2	2	0	3.211336985
2009	2	2	3	3.291760733
2009	2	2	6	3.542771654
2009	2	2	9	3.421150224
2009	2	2	12	2.91648119
2009	2	2	15	1.942002698
2009	2	2	18	1.273290592
2009	2	2	21	1.287623469
2009	2	3	0	1.641415675
2009	2	3	3	2.262976692
2009	2	3	6	2.407950169
2009	2	3	9	2.655458494
2009	2	3	12	3.57016024
2009	2	3	15	3.369437897
2009	2	3	18	2.062281258
2009	2	3	21	2.467248426
2009	2	4	0	3.443563894
2009	2	4	3	4.257716787
2009	2	4	6	4.239049183
2009	2	4	9	4.266061991
2009	2	4	12	4.335753964
2009	2	4	15	3.842907947
2009	2	4	18	3.208671038
2009	2	4	21	3.546541857
2009	2	5	0	4.032688664
2009	2	5	3	4.400452124
2009	2	5	6	4.2359126
2009	2	5	9	4.483433793
2009	2	5	12	5.156311948
2009	2	5	15	5.303138087
2009	2	5	18	4.951821766
2009	2	5	21	5.199160003
2009	2	6	0	4.329442854
2009	2	6	3	3.19210561
2009	2	6	6	2.109917067
2009	2	6	9	2.387112135
2009	2	6	12	3.457952726
2009	2	6	15	4.051699571
2009	2	6	18	4.492704157
2009	2	6	21	3.389975211
2009	2	7	0	3.233335473
2009	2	7	3	3.722508704
2009	2	7	6	3.402812311
2009	2	7	9	3.457685072
2009	2	7	12	3.627531622
2009	2	7	15	2.953561758
2009	2	7	18	1.649447986
2009	2	7	21	2.484583757
2009	2	8	0	4.185550934
2009	2	8	3	4.56185137
2009	2	8	6	5.21533812
2009	2	8	9	5.286118541
2009	2	8	12	4.518476321
2009	2	8	15	3.858589255
2009	2	8	18	6.931018232
2009	2	8	21	6.270146389
2009	2	9	0	4.044104589
2009	2	9	3	2.539409896
2009	2	9	6	2.489041864
2009	2	9	9	2.725019071
2009	2	9	12	4.209856871
2009	2	9	15	4.895293677
2009	2	9	18	4.080406126
2009	2	9	21	5.085420473
2009	2	10	0	4.595573674
2009	2	10	3	3.158465334
2009	2	10	6	4.235771961
2009	2	10	9	5.554374994
2009	2	10	12	5.510158355
2009	2	10	15	4.312991481
2009	2	10	18	4.609247016
2009	2	10	21	4.615067884
2009	2	11	0	2.9260607
2009	2	11	3	2.58782501
2009	2	11	6	2.844428132
2009	2	11	9	2.787144675
2009	2	11	12	2.292692634
2009	2	11	15	2.390379267
2009	2	11	18	2.573892261
2009	2	11	21	2.385730374
2009	2	12	0	2.204880156
2009	2	12	3	2.241179314
2009	2	12	6	1.752637563
2009	2	12	9	1.362011084
2009	2	12	12	2.401523544
2009	2	12	15	2.47643645
2009	2	12	18	2.389752146
2009	2	12	21	3.059477148
2009	2	13	0	3.358342798
2009	2	13	3	3.482611904
2009	2	13	6	3.216309446
2009	2	13	9	2.909217321
2009	2	13	12	2.887469172
2009	2	13	15	4.405791622
2009	2	13	18	6.290289509
2009	2	13	21	5.354874366
2009	2	14	0	3.885078652
2009	2	14	3	3.700769654
2009	2	14	6	3.732169119
2009	2	14	9	3.81344065
2009	2	14	12	3.774223008
2009	2	14	15	4.147435116
2009	2	14	18	5.037745842
2009	2	14	21	5.29902166
2009	2	15	0	4.984656709
2009	2	15	3	4.08460746
2009	2	15	6	4.13122382
2009	2	15	9	3.712258563
2009	2	15	12	3.515423544
2009	2	15	15	3.911448409
2009	2	15	18	4.554540034
2009	2	15	21	4.679069868
2009	2	16	0	4.52089879
2009	2	16	3	3.783373155
2009	2	16	6	3.651049913
2009	2	16	9	5.214941622
2009	2	16	12	7.796741962
2009	2	16	15	9.697973415
2009	2	16	18	10.01859855
2009	2	16	21	8.813956083
2009	2	17	0	6.926820844
2009	2	17	3	4.330014252
2009	2	17	6	3.4717405
2009	2	17	9	3.90112487
2009	2	17	12	4.555461755
2009	2	17	15	4.008916813
2009	2	17	18	4.289446516
2009	2	17	21	4.375209518
2009	2	18	0	3.69672194
2009	2	18	3	3.049856663
2009	2	18	6	3.446543523
2009	2	18	9	3.436763967
2009	2	18	12	3.333795217
2009	2	18	15	2.89648313
2009	2	18	18	3.147170186
2009	2	18	21	2.945117152
2009	2	19	0	2.446771567
2009	2	19	3	4.202882464
2009	2	19	6	4.343860964
2009	2	19	9	4.699383541
2009	2	19	12	4.904465154
2009	2	19	15	4.570933178
2009	2	19	18	4.990088685
2009	2	19	21	4.290522006
2009	2	20	0	1.519920614
2009	2	20	3	0.717437113
2009	2	20	6	1.954216194
2009	2	20	9	2.945552693
2009	2	20	12	2.593271108
2009	2	20	15	2.459430154
2009	2	20	18	2.337881486
2009	2	20	21	2.09967049
2009	2	21	0	2.505346794
2009	2	21	3	3.754261624
2009	2	21	6	4.216626129
2009	2	21	9	4.399680849
2009	2	21	12	3.843799371
2009	2	21	15	2.739945356
2009	2	21	18	2.72084334
2009	2	21	21	3.254510322
2009	2	22	0	3.819400217
2009	2	22	3	4.213021981
2009	2	22	6	4.213480045
2009	2	22	9	4.616234361
2009	2	22	12	5.271216497
2009	2	22	15	4.663538936
2009	2	22	18	4.990922477
2009	2	22	21	3.537935719
2009	2	23	0	3.965412785
2009	2	23	3	4.364156477
2009	2	23	6	4.651562454
2009	2	23	9	5.016206759
2009	2	23	12	6.113297779
2009	2	23	15	5.928116519
2009	2	23	18	5.946363274
2009	2	23	21	5.117135434
2009	2	24	0	4.148533205
2009	2	24	3	3.85473474
2009	2	24	6	3.671146478
2009	2	24	9	3.648544142
2009	2	24	12	3.391633145
2009	2	24	15	3.233722226
2009	2	24	18	3.836535499
2009	2	24	21	5.461674153
2009	2	25	0	5.607220965
2009	2	25	3	4.291307921
2009	2	25	6	3.732072385
2009	2	25	9	3.212347442
2009	2	25	12	3.863011629
2009	2	25	15	5.18428684
2009	2	25	18	7.653027877
2009	2	25	21	9.157312192
2009	2	26	0	8.450903596
2009	2	26	3	5.581719477
2009	2	26	6	5.488565511
2009	2	26	9	4.167894647
2009	2	26	12	3.9374632
2009	2	26	15	4.84420594
2009	2	26	18	2.948037544
2009	2	26	21	0.719753431
2009	2	27	0	1.305085938
2009	2	27	3	1.356798571
2009	2	27	6	3.272775816
2009	2	27	9	3.186082337
2009	2	27	12	3.037768391
2009	2	27	15	2.201297548
2009	2	27	18	2.099919788
2009	2	27	21	1.886668385
2009	2	28	0	2.573651096
2009	2	28	3	3.588128419
2009	2	28	6	4.270835034
2009	2	28	9	4.178259174
2009	2	28	12	4.011702973
2009	2	28	15	3.513109062
2009	2	28	18	3.709036766
2009	2	28	21	3.949473483
2009	3	1	0	4.503039582
2009	3	1	3	4.648419117
2009	3	1	6	4.971932399
2009	3	1	9	5.128975585
2009	3	1	12	4.827913039
2009	3	1	15	4.321617651
2009	3	1	18	4.096948008
2009	3	1	21	4.286617237
2009	3	2	0	4.708587593
2009	3	2	3	6.039501231
2009	3	2	6	7.603803713
2009	3	2	9	6.151219976
2009	3	2	12	5.658373497
2009	3	2	15	7.665792039
2009	3	2	18	9.239201417
2009	3	2	21	7.769013728
2009	3	3	0	5.998368043
2009	3	3	3	5.294579302
2009	3	3	6	6.262649976
2009	3	3	9	6.366010347
2009	3	3	12	6.690483369
2009	3	3	15	9.456854461
2009	3	3	18	10.77700314
2009	3	3	21	11.18637055
2009	3	4	0	9.991065473
2009	3	4	3	6.959971948
2009	3	4	6	1.748682146
2009	3	4	9	1.703160218
2009	3	4	12	3.600837059
2009	3	4	15	7.246593799
2009	3	4	18	8.787106349
2009	3	4	21	7.384592901
2009	3	5	0	5.599803122
2009	3	5	3	3.429014561
2009	3	5	6	3.28937016
2009	3	5	9	2.788215426
2009	3	5	12	3.100115704
2009	3	5	15	4.821229347
2009	3	5	18	5.744131164
2009	3	5	21	4.583981683
2009	3	6	0	2.688932296
2009	3	6	3	2.432046572
2009	3	6	6	2.465750351
2009	3	6	9	2.733347808
2009	3	6	12	2.854970896
2009	3	6	15	2.941200588
2009	3	6	18	4.099792639
2009	3	6	21	6.060765609
2009	3	7	0	5.277682671
2009	3	7	3	4.467820167
2009	3	7	6	6.151732091
2009	3	7	9	5.685110189
2009	3	7	12	5.899622271
2009	3	7	15	5.785682212
2009	3	7	18	7.609378594
2009	3	7	21	8.419511703
2009	3	8	0	6.756431443
2009	3	8	3	4.604113113
2009	3	8	6	4.190085356
2009	3	8	9	3.850689383
2009	3	8	12	3.888829988
2009	3	8	15	4.713099802
2009	3	8	18	5.845950725
2009	3	8	21	6.483023949
2009	3	9	0	5.920463694
2009	3	9	3	3.942044086
2009	3	9	6	4.589402665
2009	3	9	9	5.28063459
2009	3	9	12	5.619205489
2009	3	9	15	7.016616954
2009	3	9	18	8.439936361
2009	3	9	21	7.355955989
2009	3	10	0	5.669493746
2009	3	10	3	3.58476088
2009	3	10	6	3.700514925
2009	3	10	9	3.680131636
2009	3	10	12	3.281624449
2009	3	10	15	2.177745481
2009	3	10	18	1.160157108
2009	3	10	21	0.613753835
2009	3	11	0	1.079173946
2009	3	11	3	1.59513609
2009	3	11	6	0.592120867
2009	3	11	9	0.883126435
2009	3	11	12	1.480778127
2009	3	11	15	1.034354438
2009	3	11	18	0.937203683
2009	3	11	21	1.402252145
2009	3	12	0	2.583485489
2009	3	12	3	3.343314558
2009	3	12	6	3.106694337
2009	3	12	9	3.440006837
2009	3	12	12	3.322542246
2009	3	12	15	1.704499292
2009	3	12	18	0.416552461
2009	3	12	21	0.755342409
2009	3	13	0	1.10548235
2009	3	13	3	1.947538536
2009	3	13	6	2.808158742
2009	3	13	9	3.510924977
2009	3	13	12	3.347742582
2009	3	13	15	3.165383377
2009	3	13	18	3.675948695
2009	3	13	21	3.837383752
2009	3	14	0	4.035139321
2009	3	14	3	4.757961721
2009	3	14	6	4.94548059
2009	3	14	9	4.790793616
2009	3	14	12	4.716761729
2009	3	14	15	4.791280525
2009	3	14	18	5.960008829
2009	3	14	21	6.219106624
2009	3	15	0	5.867413824
2009	3	15	3	5.138898598
2009	3	15	6	5.788694477
2009	3	15	9	5.653270502
2009	3	15	12	5.523082206
2009	3	15	15	6.202979352
2009	3	15	18	7.043557147
2009	3	15	21	7.069978984
2009	3	16	0	5.551322377
2009	3	16	3	4.581434037
2009	3	16	6	4.296899022
2009	3	16	9	4.006418517
2009	3	16	12	3.86477956
2009	3	16	15	3.997738347
2009	3	16	18	5.171534692
2009	3	16	21	4.518921526
2009	3	17	0	3.173641334
2009	3	17	3	3.210716095
2009	3	17	6	1.26694592
2009	3	17	9	1.346354871
2009	3	17	12	1.727414614
2009	3	17	15	1.464363212
2009	3	17	18	1.317155563
2009	3	17	21	0.843521242
2009	3	18	0	0.758255451
2009	3	18	3	1.294001845
2009	3	18	6	2.043938829
2009	3	18	9	2.752988913
2009	3	18	12	2.927521235
2009	3	18	15	2.461763131
2009	3	18	18	2.31162976
2009	3	18	21	2.512932241
2009	3	19	0	3.069006143
2009	3	19	3	4.010770181
2009	3	19	6	3.942130616
2009	3	19	9	3.82665682
2009	3	19	12	3.461767326
2009	3	19	15	2.447289594
2009	3	19	18	1.969619079
2009	3	19	21	2.733296335
2009	3	20	0	3.557234022
2009	3	20	3	4.488600041
2009	3	20	6	4.367817429
2009	3	20	9	4.168710931
2009	3	20	12	4.128462867
2009	3	20	15	3.767341476
2009	3	20	18	4.3292914
2009	3	20	21	4.994061605
2009	3	21	0	4.357478341
2009	3	21	3	5.069348707
2009	3	21	6	5.153929789
2009	3	21	9	4.935202514
2009	3	21	12	5.720084644
2009	3	21	15	8.070195876
2009	3	21	18	8.85281938
2009	3	21	21	7.824331006
2009	3	22	0	5.371507565
2009	3	22	3	4.832057794
2009	3	22	6	4.14598391
2009	3	22	9	4.491119551
2009	3	22	12	5.645186082
2009	3	22	15	5.938168909
2009	3	22	18	6.472367448
2009	3	22	21	6.786410127
2009	3	23	0	5.690576288
2009	3	23	3	3.446474147
2009	3	23	6	2.995533864
2009	3	23	9	2.555446918
2009	3	23	12	2.554889727
2009	3	23	15	3.33148075
2009	3	23	18	4.016179279
2009	3	23	21	4.970281886
2009	3	24	0	4.64997208
2009	3	24	3	3.010264646
2009	3	24	6	3.461844035
2009	3	24	9	4.044125916
2009	3	24	12	5.261735802
2009	3	24	15	7.045952791
2009	3	24	18	7.598834857
2009	3	24	21	7.091546007
2009	3	25	0	9.08370102
2009	3	25	3	7.266618757
2009	3	25	6	7.084798481
2009	3	25	9	5.829057823
2009	3	25	12	5.779839613
2009	3	25	15	6.753383379
2009	3	25	18	6.177800351
2009	3	25	21	6.274328125
2009	3	26	0	6.281294185
2009	3	26	3	4.838991722
2009	3	26	6	2.971647617
2009	3	26	9	2.166691799
2009	3	26	12	0.973452802
2009	3	26	15	1.805734239
2009	3	26	18	3.553670267
2009	3	26	21	4.065732908
2009	3	27	0	3.480557493
2009	3	27	3	2.031880692
2009	3	27	6	2.526003187
2009	3	27	9	3.083628148
2009	3	27	12	3.76596561
2009	3	27	15	5.107115603
2009	3	27	18	6.016673552
2009	3	27	21	7.252113674
2009	3	28	0	7.465181723
2009	3	28	3	6.923105903
2009	3	28	6	8.263340704
2009	3	28	9	9.130918042
2009	3	28	12	9.904551071
2009	3	28	15	10.88488104
2009	3	28	18	11.57164196
2009	3	28	21	12.36409121
2009	3	29	0	9.002256307
2009	3	29	3	5.114906203
2009	3	29	6	5.288644874
2009	3	29	9	4.142982892
2009	3	29	12	5.205590161
2009	3	29	15	6.003500493
2009	3	29	18	6.890307264
2009	3	29	21	6.13872068
2009	3	30	0	4.882086856
2009	3	30	3	2.859054555
2009	3	30	6	4.051226694
2009	3	30	9	5.211779607
2009	3	30	12	5.430967517
2009	3	30	15	6.60233452
2009	3	30	18	7.730893802
2009	3	30	21	8.477321403
2009	3	31	0	9.109657386
2009	3	31	3	7.187887549
2009	3	31	6	5.589235936
2009	3	31	9	6.52260969
2009	3	31	12	5.216053838
2009	3	31	15	6.570535257
2009	3	31	18	5.973306226
2009	3	31	21	5.059838335
2009	4	1	0	3.699880957
2009	4	1	3	2.67356031
2009	4	1	6	3.388545873
2009	4	1	9	4.476907748
2009	4	1	12	5.396061009
2009	4	1	15	6.471659334
2009	4	1	18	7.764105495
2009	4	1	21	7.288634733
2009	4	2	0	4.949997626
2009	4	2	3	1.899900416
2009	4	2	6	2.226099675
2009	4	2	9	1.933783786
2009	4	2	12	3.076561206
2009	4	2	15	4.814812561
2009	4	2	18	5.745868945
2009	4	2	21	6.085838911
2009	4	3	0	4.787643743
2009	4	3	3	4.11452859
2009	4	3	6	4.589737503
2009	4	3	9	3.30182632
2009	4	3	12	3.947650047
2009	4	3	15	5.304109472
2009	4	3	18	4.573895206
2009	4	3	21	4.349570828
2009	4	4	0	3.429673542
2009	4	4	3	1.998625648
2009	4	4	6	1.601898251
2009	4	4	9	0.968152635
2009	4	4	12	1.034884975
2009	4	4	15	0.923924733
2009	4	4	18	2.055273758
2009	4	4	21	1.941801152
2009	4	5	0	1.016972946
2009	4	5	3	2.161415124
2009	4	5	6	2.087481603
2009	4	5	9	2.188593081
2009	4	5	12	2.324943827
2009	4	5	15	2.389709562
2009	4	5	18	1.683319504
2009	4	5	21	1.653970288
2009	4	6	0	2.66731166
2009	4	6	3	3.786517445
2009	4	6	6	3.95042822
2009	4	6	9	3.952371057
2009	4	6	12	3.546399165
2009	4	6	15	3.295882571
2009	4	6	18	3.812050277
2009	4	6	21	3.406735459
2009	4	7	0	3.88732242
2009	4	7	3	4.810670185
2009	4	7	6	4.731335824
2009	4	7	9	4.744530513
2009	4	7	12	4.275065431
2009	4	7	15	5.561627823
2009	4	7	18	8.768700511
2009	4	7	21	9.296554487
2009	4	8	0	8.608636331
2009	4	8	3	5.711869905
2009	4	8	6	5.91476591
2009	4	8	9	4.624948403
2009	4	8	12	4.818963949
2009	4	8	15	6.260947421
2009	4	8	18	6.392962182
2009	4	8	21	4.820241378
2009	4	9	0	2.975967643
2009	4	9	3	2.283878275
2009	4	9	6	2.882721674
2009	4	9	9	3.740353672
2009	4	9	12	3.71836869
2009	4	9	15	3.219463345
2009	4	9	18	3.693438327
2009	4	9	21	6.094136578
2009	4	10	0	4.617357615
2009	4	10	3	3.535637148
2009	4	10	6	3.558650677
2009	4	10	9	3.572249791
2009	4	10	12	2.637899234
2009	4	10	15	1.035712442
2009	4	10	18	3.193049158
2009	4	10	21	6.9902736
2009	4	11	0	6.38205294
2009	4	11	3	4.00710676
2009	4	11	6	3.763898897
2009	4	11	9	3.241721872
2009	4	11	12	3.11010747
2009	4	11	15	3.818687724
2009	4	11	18	3.660056006
2009	4	11	21	4.115658567
2009	4	12	0	3.704827776
2009	4	12	3	2.030155908
2009	4	12	6	2.105762359
2009	4	12	9	3.027243271
2009	4	12	12	3.364830855
2009	4	12	15	3.988665813
2009	4	12	18	4.589325873
2009	4	12	21	5.772951682
2009	4	13	0	5.576856311
2009	4	13	3	4.228260142
2009	4	13	6	4.106277919
2009	4	13	9	3.728211081
2009	4	13	12	3.84450654
2009	4	13	15	5.561568337
2009	4	13	18	8.455907338
2009	4	13	21	9.232640874
2009	4	14	0	5.137949411
2009	4	14	3	3.767267779
2009	4	14	6	3.972734678
2009	4	14	9	4.908389735
2009	4	14	12	6.039928847
2009	4	14	15	6.703629394
2009	4	14	18	5.579978841
2009	4	14	21	4.19274836
2009	4	15	0	5.12835638
2009	4	15	3	2.04526668
2009	4	15	6	2.355052255
2009	4	15	9	1.581069044
2009	4	15	12	2.091278559
2009	4	15	15	1.816742094
2009	4	15	18	3.471523942
2009	4	15	21	4.397684396
2009	4	16	0	3.433430921
2009	4	16	3	2.444242684
2009	4	16	6	2.909380178
2009	4	16	9	2.718898024
2009	4	16	12	3.606002426
2009	4	16	15	5.669631585
2009	4	16	18	6.044451737
2009	4	16	21	5.689877341
2009	4	17	0	4.229958263
2009	4	17	3	2.827471896
2009	4	17	6	2.44138905
2009	4	17	9	2.523713979
2009	4	17	12	2.736107901
2009	4	17	15	2.273701646
2009	4	17	18	3.334275596
2009	4	17	21	3.463957184
2009	4	18	0	3.443898188
2009	4	18	3	2.918368984
2009	4	18	6	1.163943308
2009	4	18	9	1.167699832
2009	4	18	12	0.936182298
2009	4	18	15	1.421239461
2009	4	18	18	3.396782206
2009	4	18	21	4.003700792
2009	4	19	0	2.971562882
2009	4	19	3	1.638267352
2009	4	19	6	2.341580096
2009	4	19	9	2.965803797
2009	4	19	12	1.70988313
2009	4	19	15	0.743437126
2009	4	19	18	1.986774782
2009	4	19	21	2.987027025
2009	4	20	0	2.935693218
2009	4	20	3	1.730037738
2009	4	20	6	1.515931685
2009	4	20	9	1.776774265
2009	4	20	12	1.14816825
2009	4	20	15	1.368770862
2009	4	20	18	1.761442673
2009	4	20	21	2.419684062
2009	4	21	0	3.306495302
2009	4	21	3	3.347348474
2009	4	21	6	3.45525692
2009	4	21	9	4.126002055
2009	4	21	12	4.020048918
2009	4	21	15	4.38377303
2009	4	21	18	5.968183187
2009	4	21	21	6.842929083
2009	4	22	0	6.103725163
2009	4	22	3	4.701592368
2009	4	22	6	4.906202522
2009	4	22	9	5.015720417
2009	4	22	12	5.160902392
2009	4	22	15	5.429760757
2009	4	22	18	6.242798121
2009	4	22	21	8.224072235
2009	4	23	0	7.173806018
2009	4	23	3	4.489345558
2009	4	23	6	3.426160169
2009	4	23	9	3.580732281
2009	4	23	12	3.400470314
2009	4	23	15	2.77951629
2009	4	23	18	4.626452744
2009	4	23	21	5.220115139
2009	4	24	0	2.002174222
2009	4	24	3	3.506029187
2009	4	24	6	4.950425138
2009	4	24	9	5.27405696
2009	4	24	12	4.073424359
2009	4	24	15	2.383231547
2009	4	24	18	3.792075846
2009	4	24	21	7.873873956
2009	4	25	0	6.334349731
2009	4	25	3	4.018023668
2009	4	25	6	3.116573773
2009	4	25	9	3.290783417
2009	4	25	12	3.699088612
2009	4	25	15	5.314090146
2009	4	25	18	6.116747666
2009	4	25	21	7.329021416
2009	4	26	0	5.87740399
2009	4	26	3	3.071430308
2009	4	26	6	2.975760798
2009	4	26	9	2.295234984
2009	4	26	12	2.174452258
2009	4	26	15	2.088071336
2009	4	26	18	4.256432145
2009	4	26	21	6.255568039
2009	4	27	0	5.515712063
2009	4	27	3	4.694800221
2009	4	27	6	5.268306611
2009	4	27	9	6.341835995
2009	4	27	12	7.691543234
2009	4	27	15	8.11640775
2009	4	27	18	9.203059335
2009	4	27	21	9.258602555
2009	4	28	0	7.115847621
2009	4	28	3	3.5722384
2009	4	28	6	3.811845399
2009	4	28	9	3.399292846
2009	4	28	12	2.79908292
2009	4	28	15	3.508220935
2009	4	28	18	6.149289414
2009	4	28	21	6.803377386
2009	4	29	0	4.319176646
2009	4	29	3	1.073313175
2009	4	29	6	2.514929063
2009	4	29	9	2.998848154
2009	4	29	12	2.44467597
2009	4	29	15	2.839215266
2009	4	29	18	5.971834317
2009	4	29	21	7.960970818
2009	4	30	0	6.884409335
2009	4	30	3	2.973563521
2009	4	30	6	1.461430945
2009	4	30	9	1.881216444
2009	4	30	12	2.405720941
2009	4	30	15	2.348599887
2009	4	30	18	3.385962357
2009	4	30	21	3.413590849
2009	5	1	0	2.605120346
2009	5	1	3	2.274798574
2009	5	1	6	3.026452767
2009	5	1	9	2.959079448
2009	5	1	12	2.846747417
2009	5	1	15	5.448863058
2009	5	1	18	9.285123537
2009	5	1	21	8.838162156
2009	5	2	0	6.325865757
2009	5	2	3	2.990003682
2009	5	2	6	3.150898349
2009	5	2	9	3.290856408
2009	5	2	12	3.140997095
2009	5	2	15	3.641425736
2009	5	2	18	4.388799147
2009	5	2	21	6.268285645
2009	5	3	0	6.312266631
2009	5	3	3	4.993199543
2009	5	3	6	3.943019301
2009	5	3	9	3.085764127
2009	5	3	12	2.53140845
2009	5	3	15	2.500740642
2009	5	3	18	4.345550308
2009	5	3	21	6.628707163
2009	5	4	0	5.396847012
2009	5	4	3	3.778248817
2009	5	4	6	5.160939436
2009	5	4	9	6.843948405
2009	5	4	12	7.3469071
2009	5	4	15	6.934275149
2009	5	4	18	7.973965316
2009	5	4	21	9.726747333
2009	5	5	0	8.121547224
2009	5	5	3	4.160778308
2009	5	5	6	3.813306577
2009	5	5	9	3.534908409
2009	5	5	12	3.185243399
2009	5	5	15	3.726829508
2009	5	5	18	7.70144909
2009	5	5	21	9.43395585
2009	5	6	0	7.313098069
2009	5	6	3	4.318169357
2009	5	6	6	4.185415229
2009	5	6	9	4.113975912
2009	5	6	12	4.1717081
2009	5	6	15	5.630318076
2009	5	6	18	7.506413652
2009	5	6	21	8.66728398
2009	5	7	0	7.758019964
2009	5	7	3	3.936355725
2009	5	7	6	3.502900188
2009	5	7	9	3.596393858
2009	5	7	12	2.98870506
2009	5	7	15	1.563061232
2009	5	7	18	2.796492981
2009	5	7	21	4.012641962
2009	5	8	0	3.847700104
2009	5	8	3	2.705451409
2009	5	8	6	2.300379985
2009	5	8	9	2.501654754
2009	5	8	12	2.584936827
2009	5	8	15	2.208285889
2009	5	8	18	1.474753869
2009	5	8	21	2.531697235
2009	5	9	0	2.42640328
2009	5	9	3	3.093146064
2009	5	9	6	2.933050982
2009	5	9	9	2.126328519
2009	5	9	12	1.502004495
2009	5	9	15	0.692794762
2009	5	9	18	1.780760938
2009	5	9	21	3.252726417
2009	5	10	0	2.468302221
2009	5	10	3	1.681756606
2009	5	10	6	3.074506384
2009	5	10	9	3.837164485
2009	5	10	12	3.548969245
2009	5	10	15	3.431642115
2009	5	10	18	4.576813931
2009	5	10	21	5.930969662
2009	5	11	0	5.469953537
2009	5	11	3	3.791245159
2009	5	11	6	3.296892621
2009	5	11	9	3.151298669
2009	5	11	12	5.327556344
2009	5	11	15	8.459722954
2009	5	11	18	11.12055669
2009	5	11	21	10.87133848
2009	5	12	0	8.975124926
2009	5	12	3	4.854496613
2009	5	12	6	4.396633184
2009	5	12	9	3.746076814
2009	5	12	12	3.546938097
2009	5	12	15	2.86538588
2009	5	12	18	1.444260989
2009	5	12	21	0.887517915
2009	5	13	0	1.643800281
2009	5	13	3	2.746104935
2009	5	13	6	3.427115195
2009	5	13	9	3.591761637
2009	5	13	12	4.138781646
2009	5	13	15	4.988145382
2009	5	13	18	6.705532462
2009	5	13	21	7.406653639
2009	5	14	0	6.370550437
2009	5	14	3	3.248057154
2009	5	14	6	2.600438169
2009	5	14	9	2.746891137
2009	5	14	12	2.265543006
2009	5	14	15	1.297194756
2009	5	14	18	3.293436726
2009	5	14	21	3.272798361
2009	5	15	0	2.268948559
2009	5	15	3	1.847256447
2009	5	15	6	2.292336099
2009	5	15	9	3.085682867
2009	5	15	12	2.150123592
2009	5	15	15	0.710052806
2009	5	15	18	1.454713932
2009	5	15	21	2.391505201
2009	5	16	0	2.631467846
2009	5	16	3	1.529523501
2009	5	16	6	2.255197286
2009	5	16	9	1.8938905
2009	5	16	12	1.794340002
2009	5	16	15	1.426151659
2009	5	16	18	0.839621047
2009	5	16	21	1.653675082
2009	5	17	0	1.725651092
2009	5	17	3	0.708814839
2009	5	17	6	2.286985247
2009	5	17	9	3.195362963
2009	5	17	12	2.98535886
2009	5	17	15	2.163282223
2009	5	17	18	2.968381739
2009	5	17	21	3.668594568
2009	5	18	0	3.658853185
2009	5	18	3	4.248951459
2009	5	18	6	4.430981382
2009	5	18	9	4.523994435
2009	5	18	12	5.093344691
2009	5	18	15	6.202461336
2009	5	18	18	7.560712253
2009	5	18	21	7.74390925
2009	5	19	0	6.106538161
2009	5	19	3	4.284989156
2009	5	19	6	4.512736154
2009	5	19	9	4.316565725
2009	5	19	12	4.145383725
2009	5	19	15	4.559887194
2009	5	19	18	5.481176662
2009	5	19	21	4.509051567
2009	5	20	0	3.002710446
2009	5	20	3	3.756697217
2009	5	20	6	3.893065693
2009	5	20	9	3.813815472
2009	5	20	12	3.552823047
2009	5	20	15	1.559478015
2009	5	20	18	1.693504096
2009	5	20	21	2.412066802
2009	5	21	0	1.808738619
2009	5	21	3	2.134774563
2009	5	21	6	2.792488851
2009	5	21	9	3.326877968
2009	5	21	12	3.038767415
2009	5	21	15	2.550786141
2009	5	21	18	2.246199586
2009	5	21	21	3.425580622
2009	5	22	0	3.64383932
2009	5	22	3	3.412957564
2009	5	22	6	2.727128666
2009	5	22	9	3.013365352
2009	5	22	12	2.887432663
2009	5	22	15	1.885729242
2009	5	22	18	1.91549375
2009	5	22	21	2.493108792
2009	5	23	0	1.762106533
2009	5	23	3	2.093116082
2009	5	23	6	2.952449252
2009	5	23	9	2.445122718
2009	5	23	12	2.730658346
2009	5	23	15	3.460622782
2009	5	23	18	5.900106518
2009	5	23	21	6.092640063
2009	5	24	0	5.093385507
2009	5	24	3	2.979472459
2009	5	24	6	2.826178028
2009	5	24	9	1.361092164
2009	5	24	12	0.540977312
2009	5	24	15	1.768261288
2009	5	24	18	3.039221908
2009	5	24	21	3.611111701
2009	5	25	0	2.951137761
2009	5	25	3	2.465154337
2009	5	25	6	1.963109333
2009	5	25	9	1.851581812
2009	5	25	12	1.674012881
2009	5	25	15	1.243974373
2009	5	25	18	2.235230697
2009	5	25	21	3.228086208
2009	5	26	0	3.073433265
2009	5	26	3	2.169402003
2009	5	26	6	0.71073225
2009	5	26	9	1.524499067
2009	5	26	12	1.377606925
2009	5	26	15	1.156270347
2009	5	26	18	3.504048767
2009	5	26	21	3.965163613
2009	5	27	0	3.37695001
2009	5	27	3	1.70651094
2009	5	27	6	1.276905247
2009	5	27	9	1.477583401
2009	5	27	12	1.606498296
2009	5	27	15	2.107056148
2009	5	27	18	2.781242112
2009	5	27	21	2.129293688
2009	5	28	0	1.475396873
2009	5	28	3	2.285766503
2009	5	28	6	2.501181991
2009	5	28	9	2.661139415
2009	5	28	12	2.977164953
2009	5	28	15	2.289272497
2009	5	28	18	1.817046386
2009	5	28	21	0.877732861
2009	5	29	0	1.452681662
2009	5	29	3	3.025201338
2009	5	29	6	3.351352144
2009	5	29	9	3.387386383
2009	5	29	12	3.191637176
2009	5	29	15	2.898597887
2009	5	29	18	3.434891891
2009	5	29	21	3.715156395
2009	5	30	0	3.563049265
2009	5	30	3	2.799622161
2009	5	30	6	3.732793813
2009	5	30	9	3.74369553
2009	5	30	12	3.498814322
2009	5	30	15	2.931074686
2009	5	30	18	3.502731369
2009	5	30	21	3.579664724
2009	5	31	0	2.722661924
2009	5	31	3	1.000066187
2009	5	31	6	2.135190669
2009	5	31	9	3.356677215
2009	5	31	12	2.447519057
2009	5	31	15	2.406535566
2009	5	31	18	3.480580856
2009	5	31	21	2.88928624
2009	6	1	0	2.311857666
2009	6	1	3	1.9844648
2009	6	1	6	2.602903756
2009	6	1	9	2.853617948
2009	6	1	12	2.78456129
2009	6	1	15	2.497167838
2009	6	1	18	3.060927725
2009	6	1	21	2.188482792
2009	6	2	0	2.936253421
2009	6	2	3	3.207701038
2009	6	2	6	3.611799088
2009	6	2	9	3.724873436
2009	6	2	12	3.571018827
2009	6	2	15	3.702550742
2009	6	2	18	4.659565979
2009	6	2	21	3.911009238
2009	6	3	0	3.301124308
2009	6	3	3	2.470769426
2009	6	3	6	3.426117083
2009	6	3	9	3.904378989
2009	6	3	12	3.670839829
2009	6	3	15	3.16831037
2009	6	3	18	4.307696398
2009	6	3	21	5.516898402
2009	6	4	0	5.287285626
2009	6	4	3	4.040572926
2009	6	4	6	4.040580171
2009	6	4	9	3.927107954
2009	6	4	12	3.902186088
2009	6	4	15	4.812604307
2009	6	4	18	7.862456305
2009	6	4	21	10.24983654
2009	6	5	0	8.50834107
2009	6	5	3	5.37808653
2009	6	5	6	4.76390493
2009	6	5	9	4.403657044
2009	6	5	12	4.94989813
2009	6	5	15	6.898680536
2009	6	5	18	7.539397139
2009	6	5	21	6.580204795
2009	6	6	0	5.295867917
2009	6	6	3	3.620085769
2009	6	6	6	3.871788595
2009	6	6	9	3.685347496
2009	6	6	12	4.338561121
2009	6	6	15	5.956655899
2009	6	6	18	8.393868445
2009	6	6	21	8.377083672
2009	6	7	0	6.069428626
2009	6	7	3	1.895009269
2009	6	7	6	2.71871958
2009	6	7	9	3.053108814
2009	6	7	12	2.552844149
2009	6	7	15	2.767814711
2009	6	7	18	5.231227602
2009	6	7	21	5.39374801
2009	6	8	0	4.323402277
2009	6	8	3	2.733585439
2009	6	8	6	3.24074006
2009	6	8	9	2.492873622
2009	6	8	12	2.11680897
2009	6	8	15	1.892531727
2009	6	8	18	3.071408348
2009	6	8	21	3.791337449
2009	6	9	0	3.267974767
2009	6	9	3	2.406659724
2009	6	9	6	2.631129689
2009	6	9	9	2.914818655
2009	6	9	12	2.67890994
2009	6	9	15	3.177425805
2009	6	9	18	5.91268184
2009	6	9	21	5.764883874
2009	6	10	0	3.799534607
2009	6	10	3	1.565175963
2009	6	10	6	2.276105694
2009	6	10	9	1.831915505
2009	6	10	12	1.141511587
2009	6	10	15	2.819068892
2009	6	10	18	5.42590601
2009	6	10	21	5.154116209
2009	6	11	0	4.207048442
2009	6	11	3	2.296358754
2009	6	11	6	2.060910308
2009	6	11	9	2.830652866
2009	6	11	12	1.968728059
2009	6	11	15	1.696853879
2009	6	11	18	2.993888791
2009	6	11	21	1.607608311
2009	6	12	0	1.890956482
2009	6	12	3	3.235968623
2009	6	12	6	3.64355355
2009	6	12	9	3.661483727
2009	6	12	12	3.164386406
2009	6	12	15	3.25446064
2009	6	12	18	5.316448175
2009	6	12	21	5.381518358
2009	6	13	0	5.383532437
2009	6	13	3	3.347413993
2009	6	13	6	3.408525552
2009	6	13	9	3.422012429
2009	6	13	12	2.823823667
2009	6	13	15	1.636498607
2009	6	13	18	3.237785004
2009	6	13	21	4.083553892
2009	6	14	0	2.870470648
2009	6	14	3	2.036930276
2009	6	14	6	2.533170142
2009	6	14	9	2.317134763
2009	6	14	12	1.678153103
2009	6	14	15	2.424269949
2009	6	14	18	4.512721919
2009	6	14	21	4.638448412
2009	6	15	0	3.358747241
2009	6	15	3	1.54208824
2009	6	15	6	1.848483055
2009	6	15	9	1.903068347
2009	6	15	12	2.089498255
2009	6	15	15	1.020937302
2009	6	15	18	1.473351081
2009	6	15	21	2.510882057
2009	6	16	0	1.522429075
2009	6	16	3	0.623816084
2009	6	16	6	1.042187302
2009	6	16	9	1.716843298
2009	6	16	12	2.055667853
2009	6	16	15	2.339868288
2009	6	16	18	3.994194328
2009	6	16	21	3.626086695
2009	6	17	0	2.551031471
2009	6	17	3	2.340084168
2009	6	17	6	3.001253911
2009	6	17	9	2.584660627
2009	6	17	12	3.407733205
2009	6	17	15	4.554092296
2009	6	17	18	5.063583063
2009	6	17	21	4.953172307
2009	6	18	0	3.331772408
2009	6	18	3	1.845979438
2009	6	18	6	3.266818548
2009	6	18	9	3.728106801
2009	6	18	12	3.778654209
2009	6	18	15	3.862050304
2009	6	18	18	4.841148411
2009	6	18	21	5.188268056
2009	6	19	0	4.670536928
2009	6	19	3	3.94939117
2009	6	19	6	4.443910885
2009	6	19	9	4.521933601
2009	6	19	12	4.80564793
2009	6	19	15	5.631488037
2009	6	19	18	7.057479621
2009	6	19	21	7.623868822
2009	6	20	0	4.78349726
2009	6	20	3	0.813853611
2009	6	20	6	2.670330218
2009	6	20	9	3.864272159
2009	6	20	12	4.220088984
2009	6	20	15	5.355752099
2009	6	20	18	7.934396337
2009	6	20	21	8.424620843
2009	6	21	0	6.075436587
2009	6	21	3	2.776473605
2009	6	21	6	2.942251949
2009	6	21	9	3.266794162
2009	6	21	12	3.025648623
2009	6	21	15	1.744516321
2009	6	21	18	2.121137275
2009	6	21	21	2.637138971
2009	6	22	0	2.838301134
2009	6	22	3	3.328349121
2009	6	22	6	4.035983279
2009	6	22	9	3.928362291
2009	6	22	12	3.745800653
2009	6	22	15	3.228436347
2009	6	22	18	1.538776061
2009	6	22	21	1.301586401
2009	6	23	0	1.620431501
2009	6	23	3	0.90118724
2009	6	23	6	2.193797002
2009	6	23	9	3.246090806
2009	6	23	12	3.08826183
2009	6	23	15	1.626485045
2009	6	23	18	2.02275877
2009	6	23	21	3.205257645
2009	6	24	0	1.932565256
2009	6	24	3	2.884837533
2009	6	24	6	3.980930269
2009	6	24	9	3.9925518
2009	6	24	12	3.325569398
2009	6	24	15	2.032894302
2009	6	24	18	2.191388667
2009	6	24	21	2.399775766
2009	6	25	0	2.0048739
2009	6	25	3	1.25316289
2009	6	25	6	1.723913743
2009	6	25	9	3.005247895
2009	6	25	12	2.59348923
2009	6	25	15	2.587379622
2009	6	25	18	4.250201823
2009	6	25	21	3.646222669
2009	6	26	0	3.719952657
2009	6	26	3	3.357390907
2009	6	26	6	3.3605613
2009	6	26	9	2.090239864
2009	6	26	12	1.352216866
2009	6	26	15	1.712606276
2009	6	26	18	3.403921395
2009	6	26	21	2.950162691
2009	6	27	0	2.434096642
2009	6	27	3	2.01070972
2009	6	27	6	2.172530713
2009	6	27	9	1.741349143
2009	6	27	12	0.992949664
2009	6	27	15	1.567126482
2009	6	27	18	1.639167629
2009	6	27	21	2.527823773
2009	6	28	0	2.668388227
2009	6	28	3	1.820968464
2009	6	28	6	2.265739136
2009	6	28	9	2.525020142
2009	6	28	12	2.448302955
2009	6	28	15	2.061475585
2009	6	28	18	1.585627775
2009	6	28	21	2.296974022
2009	6	29	0	1.608047117
2009	6	29	3	2.6890381
2009	6	29	6	4.138275418
2009	6	29	9	4.453646229
2009	6	29	12	4.239847626
2009	6	29	15	4.207132144
2009	6	29	18	4.924815674
2009	6	29	21	5.333179798
2009	6	30	0	5.168783037
2009	6	30	3	3.635820722
2009	6	30	6	2.671008219
2009	6	30	9	3.148369841
2009	6	30	12	2.736077712
2009	6	30	15	1.708797486
2009	6	30	18	2.993658159
2009	6	30	21	3.405189746